MODEL : efficientnetv2_b0_bnless_int8.tflite
OP #27: SHAPE

=== IFM0 ===
name    : build_efficientnetv2_b0_full_bnless/block4a_se_squeeze/Mean
index   : 224
shape   : [1, 192]
dtype   : <class 'numpy.int8'>
quant   : {'scales': [0.07494489848613739], 'zero_points': [-123], 'axis': 0, 'scale_tuple': 0.07494489848613739, 'zp_tuple': -123}
values(int):
[[-119  -60 -117 -114  -68 -112 -126 -116 -121 -119 -108 -117 -118 -117 -121 -108 -124  -84 -106 -117 -117 -116 -113
     4 -119 -119 -120  -43  -65  -84 -120  -98 -102  -86 -120  -91  -60  -97 -116  -82  -89   -3  -81 -119  -83 -115
  -115 -118 -118 -121 -121  -84 -111 -119 -104  -74 -119 -115 -117 -120 -125 -118  -72 -120 -108  -89 -116  -95 -116
  -122 -111 -120 -124 -120 -124  -81 -126 -104  -12 -115 -122 -123 -120 -103  -86  -99 -101 -121 -121 -117 -109 -124
    -4   15  -98 -117 -120 -119 -123 -124 -116 -116  -87 -116 -117 -105 -117  -83 -117  -24 -120 -105  -52   -1  -97
   -73  -74 -120 -111  -55 -115  -79 -114  -99 -117 -116   16 -118 -118 -109  -19  -41 -116  -93 -117  -50 -102  -36
   -35  -61 -121 -121 -116  -90 -118 -115 -120 -119 -103 -112 -114 -112 -120  -59    9 -117 -119 -119 -117 -119 -119
  -116  -75 -116 -119 -100 -123  -55  -60 -112 -120 -116  -96  -95   10 -114  -96 -113 -114 -123 -118  -70  -63  -68
  -118 -118 -121  -80  -66  -52  -28 -119]]

=== IFM1 ===
N/A

=== BIAS ===
N/A

=== OFM ===
name    : build_efficientnetv2_b0_full_bnless/block4a_se_reshape/Shape
index   : 225
shape   : [2]
dtype   : <class 'numpy.int32'>
quant   : {'scales': [], 'zero_points': [], 'axis': 0, 'scale_tuple': 0.0, 'zp_tuple': 0}
values(int):
[  1 192]
