MODEL : efficientnetv2_b0_bnless_int8.tflite
OP #33: CONV_2D

=== IFM ===
name    : build_efficientnetv2_b0_full_bnless/block4a_se_reduce/truediv;build_efficientnetv2_b0_full_bnless/block1a_project_activation/truediv/y;build_efficientnetv2_b0_full_bnless/block1a_project_activation/add/y;build_efficientnetv2_b0_full_bnless/block4a_se_reduce/Relu6;build_efficientnetv2_b0_full_bnless/block4a_se_reduce/add;build_efficientnetv2_b0_full_bnless/block4a_se_reduce/mul;build_efficientnetv2_b0_full_bnless/block2a_expand_activation/truediv;build_efficientnetv2_b0_full_bnless/block1a_project_activation/truediv/y
index   : 230
shape   : [1, 1, 1, 12]
dtype   : <class 'numpy.int8'>
quant   : {'scales': [0.052977800369262695], 'zero_points': [-121], 'axis': 0, 'scale_tuple': 0.052977800369262695, 'zp_tuple': -121}
values(int):
[[[[-121  -98 -121 -121 -121 -126 -121 -121 -121 -125  -74 -121]]]]

=== WEIGHTS ===
name    : build_efficientnetv2_b0_full_bnless/block4a_se_expand/Conv2D
index   : 168
shape   : [192, 1, 1, 12]
dtype   : <class 'numpy.int8'>
quant   : {'scales': [0.001986344112083316, 0.0009695063927210867, 0.0007648034952580929, 0.0005183257744647563, 0.001402116846293211, 0.000432663771789521, 0.0010152111062780023, 0.0003774235083255917, 0.003975737374275923, 0.0007034951122477651, 0.0009350342443212867, 0.000889368006028235, 0.0003728021983988583, 0.0004266161995474249, 0.0005195049452595413, 0.005264779087156057, 0.00038670943467877805, 0.0013720326824113727, 0.001985034206882119, 0.0008989053894765675, 0.0007480132044292986, 0.0041159214451909065, 0.000743769749533385, 0.0015008613700047135, 0.0005303568323142827, 0.0005848694709129632, 0.0006241672672331333, 0.0018139912281185389, 0.000988901243545115, 0.0011735380394384265, 0.0005136988474987447, 0.0015893137315288186, 0.0007456044550053775, 8.358871127711609e-05, 0.0008923065615817904, 0.0011225978378206491, 0.0026410480495542288, 0.0011303803185001016, 0.0005732462159357965, 0.001202319748699665, 0.005285239778459072, 0.0011300715850666165, 0.0013001697370782495, 0.0006959358579479158, 0.0013452881248667836, 0.00022878281015437096, 0.0003846211184281856, 0.0006397672696039081, 0.0012055743718519807, 0.000470594794023782, 0.0010081544751301408, 0.0008396085468120873, 0.0028993706218898296, 0.0006114542484283447, 0.0010987883433699608, 0.004125535953789949, 0.0005896115908399224, 0.00044304566108621657, 0.0006775922956876457, 0.0005589337670244277, 0.0007700310088694096, 0.0008041179389692843, 0.00033132793032564223, 0.000585957255680114, 0.0012753299670293927, 0.0005205720663070679, 0.00044603063724935055, 0.0011614087270572782, 0.0014830518048256636, 0.000657528406009078, 0.0044567943550646305, 0.00040226048440672457, 0.0007159017841331661, 0.0005180318257771432, 0.001258157310076058, 0.0033107006456702948, 0.004754526540637016, 0.0012135774595662951, 0.001547579886391759, 0.0008876543724909425, 0.0009163750801235437, 0.002916349098086357, 0.0007935421308502555, 0.0008423877297900617, 0.00543137826025486, 0.0036487628240138292, 0.00029051958699710667, 0.0007023877114988863, 0.0007775331614539027, 0.0008359986823052168, 0.0008009913726709783, 0.000763390155043453, 0.0017811092548072338, 0.0038808879908174276, 0.0007131478632800281, 0.0007481143693439662, 0.0005002643447369337, 0.001004424411803484, 0.0009315002826042473, 0.0006356036174111068, 0.0004157020302955061, 0.0008041385444812477, 0.003085641423240304, 0.0009611746645532548, 0.00023913747281767428, 0.001156426384113729, 0.00023413643066305667, 0.0012908021453768015, 0.0006650205468758941, 0.0013648229651153088, 0.0007588463486172259, 0.0053465599194169044, 0.0019661658443510532, 0.0009128934470936656, 0.0011174051323905587, 0.0016493948642164469, 0.0009664118988439441, 0.0003766862500924617, 0.002007343340665102, 0.0007630550535395741, 0.0005275647272355855, 0.0004669683112297207, 0.0005807443521916866, 0.0013332990929484367, 0.00022987712873145938, 0.0006855936371721327, 0.0016825812635943294, 0.000320804218063131, 0.0004491958243306726, 0.0013015468139201403, 0.0013190059689804912, 0.002014826750382781, 0.00027652335120365024, 0.0012167026288807392, 0.0005318820476531982, 0.0012129400856792927, 0.000694292364642024, 0.0008264395291917026, 0.0004546928685158491, 0.0014258454320952296, 0.00039960467256605625, 0.00040138766053132713, 0.0005794332828372717, 0.0011668212246149778, 0.00015574846474919468, 0.004238427616655827, 0.0007991911843419075, 0.00018458253180142492, 0.0025585652329027653, 0.001526990788988769, 0.00012360539403744042, 0.0013727245386689901, 0.001003091223537922, 0.00046477612340822816, 0.0016567938728258014, 0.0006773839122615755, 0.0008630520896986127, 0.0006448826170526445, 0.0006049425574019551, 0.0030870724003762007, 0.0009335206123068929, 0.0004748737846966833, 0.0010160208912566304, 0.0006780506810173392, 0.0002505579905118793, 0.001009336905553937, 0.00010212903725914657, 0.0015072376700118184, 0.006151101086288691, 0.003816702403128147, 0.0006223500822670758, 0.0010879159672185779, 0.0009386090678162873, 0.0010417111916467547, 0.0011887867003679276, 0.0010253468062728643, 0.0008321208297275007, 0.0016212227055802941, 0.000625422690063715, 0.0010678061516955495, 0.0009963460033759475, 0.0004628690076060593, 0.0007632313063368201, 0.0020135946106165648, 0.00035310033126734197, 0.0009081829339265823, 0.0007974948966875672, 0.005617951974272728, 0.0007095254259184003, 0.0008943548891693354, 0.0016587660647928715, 0.0011248075170442462], 'zero_points': [0, 0, 0, 0, 0, 0, 0, 0, 0, 0, 0, 0, 0, 0, 0, 0, 0, 0, 0, 0, 0, 0, 0, 0, 0, 0, 0, 0, 0, 0, 0, 0, 0, 0, 0, 0, 0, 0, 0, 0, 0, 0, 0, 0, 0, 0, 0, 0, 0, 0, 0, 0, 0, 0, 0, 0, 0, 0, 0, 0, 0, 0, 0, 0, 0, 0, 0, 0, 0, 0, 0, 0, 0, 0, 0, 0, 0, 0, 0, 0, 0, 0, 0, 0, 0, 0, 0, 0, 0, 0, 0, 0, 0, 0, 0, 0, 0, 0, 0, 0, 0, 0, 0, 0, 0, 0, 0, 0, 0, 0, 0, 0, 0, 0, 0, 0, 0, 0, 0, 0, 0, 0, 0, 0, 0, 0, 0, 0, 0, 0, 0, 0, 0, 0, 0, 0, 0, 0, 0, 0, 0, 0, 0, 0, 0, 0, 0, 0, 0, 0, 0, 0, 0, 0, 0, 0, 0, 0, 0, 0, 0, 0, 0, 0, 0, 0, 0, 0, 0, 0, 0, 0, 0, 0, 0, 0, 0, 0, 0, 0, 0, 0, 0, 0, 0, 0, 0, 0, 0, 0, 0, 0], 'axis': 0, 'scale_tuple': 0.0, 'zp_tuple': 0}
values(int):
[[[[  15 -127  -26   11   58   38   16   33   10   36  -12   36]]]


 [[[ -10   82   -5   -7   -9  -10   -7  -10   -9   -8  127  -10]]]


 [[[ -21  -31  -11   -3  -19  -13  -16   -6  -20  -12  127  -16]]]


 [[[ -18  127  -13  -12  -17  -18  -14  -15  -13  -16   29  -16]]]


 [[[  -7  127    4   -8  -13  -10    2   -9    8   -9  120  -16]]]


 [[[ -10  -37   -4   -7   -9  -11   -7  -11   -6   -9  127  -10]]]


 [[[ -13  114  -14   -9    2  -12   -9  -11   -5  -10  127  -11]]]


 [[[ -14   -4   -6   -9  -13  -12  -10  -12  -12  -10  127  -13]]]


 [[[   5 -127    2   -2    8   -3    4    0   11   -1   40    3]]]


 [[[  -6   11   -5   -4   -6   -5   -5   -6   -7   -4  127   -5]]]


 [[[ -24   -3  -13  -13  -26  -15  -23  -18  -24  -19  127  -22]]]


 [[[  -5  -23   -4   -4   -5   -4   -5   -4   -5   -3  127   -5]]]


 [[[ -19   11  -11  -12  -19  -17  -14  -17  -17  -15  127  -21]]]


 [[[  -4   21    2    5  -16    0   -2    3   -5   -2  127    0]]]


 [[[   0  113    2    0    0    0   -1   -2    1   -1  127   -2]]]


 [[[   0 -127    0    0    0    0    0    0    0    0  -14    0]]]


 [[[ -15   49  -13  -13  -18  -17  -15  -18  -14  -17  127  -20]]]


 [[[  -5   94   -1   -5   -4   -7   -5   -5   -3   -5  127   -4]]]


 [[[ -17  127  -14   -7  -25  -12  -17  -10  -18  -14   43  -19]]]


 [[[ -25  -67  -10  -35  -37  -32  -19  -42  -28  -24  127  -37]]]


 [[[  -4  -72   -1   -3   -3   -5   -2   -5   -1   -3  127   -5]]]


 [[[   0 -127   -1   -1    0    0    0   -1    0    0  -26    0]]]


 [[[  -9   55    2   -6   -8   -6   -1  -11   -5   -5  127  -11]]]


 [[[  -8  117   -7   -5   -9   -5   -9   -6   -9   -6  127   -8]]]


 [[[ -16  -33  -10  -16  -20  -16  -13  -19  -19  -11  127  -19]]]


 [[[  -4   80   -4   -1   -2   -3   -5   -2   -3   -4  127   -4]]]


 [[[ -10  -59   -9   -8  -11   -6   -9  -10  -13   -7  127  -11]]]


 [[[  -3   78   -4   -4   -2   -1   -4   -3   -5   -1  127   -2]]]


 [[[   4  127    2    4    2    2    2    3    4    1  101    3]]]


 [[[ -39   78  -28  -44  -22  -54  -30  -55  -16  -39  127  -44]]]


 [[[ -38  105  -24   -1  -45   -9  -32  -14  -57  -14  127  -34]]]


 [[[  -3   24   -5    2    0    0   -3    1   -4    0  127   -1]]]


 [[[ -16  -74  -23   -1   -7   -5  -14    0  -16   -5  127   -7]]]


 [[[ -16  -55  -15  -15  -27  -17  -21  -13  -14  -16  127  -16]]]


 [[[  -4   93   -3   -1   -2   -3   -2   -1   -4   -1  127   -2]]]


 [[[ -40  127  -40  -33  -30  -32  -42  -30  -43  -22  102  -26]]]


 [[[ -27 -127   -4   -1  -33   -3  -14  -18  -32   -4 -116  -29]]]


 [[[ -14  123  -15   -9   -6   -8   -9   -4  -13   -3  127   -8]]]


 [[[  -4  127    2    0   -6   -2   -1   -3   -4    0  106   -2]]]


 [[[ -16  113  -12   -9  -16  -14  -17  -13  -14  -16  127  -16]]]


 [[[   6 -127    4    4    5    5    4    5    5    4   -9    5]]]


 [[[  -8   52  -11  -11   -9   -8   -9   -8   -8   -7  127   -7]]]


 [[[ -14   42  -14  -18  -21  -18  -19  -22  -19  -19  127  -21]]]


 [[[ -26   22  -22   -5  -29  -12  -23  -10  -35  -14  127  -20]]]


 [[[ -57  127  -61    7  -53    1  -58  -11  -82  -14  126  -49]]]


 [[[ -32   -9  -31  -18  -22  -25  -21  -25  -23  -16  127  -29]]]


 [[[  -7  127    4   -1   -4   -7   -3  -10    1   -6   89   -9]]]


 [[[  -5   48   -5   -3   -3   -4   -5   -2   -4   -3  127   -3]]]


 [[[   4  -52    6    3    3    4    5    3    4    5  127    3]]]


 [[[ -16  127  -16  -10   -8  -16  -13   -9  -10  -13  123  -11]]]


 [[[  -3   71   -2    0   -2   -2   -3    0   -3    0  127   -1]]]


 [[[ -25  -17    9   -1  -30  -10   -3  -27  -23   -3  127  -26]]]


 [[[ -48 -127  -47  -43  -37  -63  -46  -43  -24  -59   44  -38]]]


 [[[  -4  110   -6   -3   -1   -5   -5   -3   -4   -3  127   -3]]]


 [[[  -4  127   -4    2    6   -1   -3    2    0    2  117    1]]]


 [[[ -32 -127  -29  -14  -42   -6  -34  -17  -55  -14   39  -33]]]


 [[[ -28  122  -14  -17  -30  -18  -18  -23  -33  -19  127  -32]]]


 [[[   3  127   13    4    0    0    7   -3   10    0   83   -2]]]


 [[[   3  127   10    5    5    3    8    1    7    5   58    2]]]


 [[[ -12   39   -8    6  -19    4  -14    3  -22    0  127   -6]]]


 [[[  -4    4   -2   -4   -5   -4   -5   -5   -4   -4  127   -5]]]


 [[[  -1   64    2   -3   -2   -1    2   -4   -2    1  127   -3]]]


 [[[ -10  127   -5  -15   -9   -5   -5  -11  -12   -3   21   -8]]]


 [[[   4 -127    1    6    6    7    3    5    1    7   18    5]]]


 [[[  -8   57   -2   -5   -7   -4   -3   -9   -8   -5  127   -8]]]


 [[[ -20 -102  -23    0  -19   -8  -20   -3  -21  -13  127  -11]]]


 [[[   3  127   18    9    4    3    9   -1   12    4  100   -2]]]


 [[[ -15   89   -9  -10  -15  -12  -14  -12  -12  -11  127  -15]]]


 [[[ -82  127  -88   19  -38  -41  -75  -14  -62  -45   80  -56]]]


 [[[  -6   40   -3   -3   -7   -4   -5   -5   -6   -4  127   -5]]]


 [[[ -13 -127  -10   -1  -19   -5  -14   -6  -18   -9   42  -12]]]


 [[[ -30 -127  -14  -17  -35  -18  -20  -27  -35  -19   85  -33]]]


 [[[  -4   26   -2   -4   -4   -4   -3   -4   -4   -4  127   -5]]]


 [[[ -28  -38   -8    6  -37    5  -19   -4  -43    5  127  -20]]]


 [[[  -5 -127   -5   -5   -4   -3   -5   -5   -7   -4  118   -6]]]


 [[[ -15 -127   -5   -5  -31   -8  -14  -10  -24  -10   43  -16]]]


 [[[  -1  127    0   -1   -1    0    0   -1   -1    0   -5   -1]]]


 [[[  -6  118   -5    0    1   -3   -4   -4   -3   -2  127   -4]]]


 [[[   0   65   -2   -1    1    0   -1    1    1    1  127    2]]]


 [[[  -3   27   -1   -3   -4   -4   -2   -5   -2   -4  127   -5]]]


 [[[  -3   32   -2   -1   -2   -2   -2   -2   -2   -2  127   -2]]]


 [[[ -12  127  -17   -4  -11  -10  -12   -6  -12   -9    3  -11]]]


 [[[  -3   94   -1   -4   -3   -4   -1   -4   -3   -2  127   -3]]]


 [[[ -19   27  -27  -14  -18  -17  -25  -15  -21  -21  127  -22]]]


 [[[  -6 -127   -5   -3   -5   -3   -3   -3   -7   -2   50   -5]]]


 [[[  -7 -127    0   -9  -12   -8   -7  -14  -10   -9   29  -14]]]


 [[[ -70   28  -42  -35  -79  -39  -42  -51  -81  -40 -127  -61]]]


 [[[  -4  127   -1    0   -4   -2   -2   -2   -4    0  112   -4]]]


 [[[  -2   95   -3    0    1   -2   -1    0   -1   -1  127    0]]]


 [[[  -7   24   -2   -8   -9   -5   -3   -8   -8   -4  127   -8]]]


 [[[  -6  127  -17  -17   -8  -10  -12   -6   -7   -5  113    0]]]


 [[[  -7  127   -5    0   -6   -4   -4   -1   -6   -4  115   -5]]]


 [[[  -1   25   -3    0   -2   -1   -2    0   -2   -1  127   -1]]]


 [[[-105  -64 -110 -114 -109 -122 -115 -121 -102 -127   38 -122]]]


 [[[  -2   83   -5    0   -3   -1   -4    0   -3   -1  127   -2]]]


 [[[  -3  127    6    1   -7    0    0   -4   -2    0   73   -5]]]


 [[[  -2   98    2   -2   -4   -1   -1   -4   -3   -1  127   -5]]]


 [[[  -5   26    3    3   -4   -1    3    1   -7    3  127   -1]]]


 [[[  -2   40   -3    1    0   -2   -2    1   -2   -1  127   -1]]]


 [[[  -4   65   -3   -4   -6   -6   -3   -8   -3   -6  127   -8]]]


 [[[  -7  127    6   -1   -5   -7   -2  -10    0   -5   99   -9]]]


 [[[ -28   13  -26   -6  -25   -8  -29   -9  -41   -8  127  -24]]]


 [[[ -30  127  -26  -20  -45  -26  -30  -22  -32  -31   42  -28]]]


 [[[  -1   86    0    1   -2   -1    0    0   -1   -1  127    0]]]


 [[[ -23  127  -15  -17  -22  -20  -16  -22  -24  -15   26  -25]]]


 [[[ -12   35   -6   -6  -10   -8   -7  -12  -11   -6  127  -13]]]


 [[[ -15   29  -11   -5  -11  -11  -11  -10  -13  -10  127  -13]]]


 [[[  -7   99   -4   -8   -5    3   -2   -6  -16    2  127   -5]]]


 [[[ -28  127  -30   -5  -28   -6  -30   -6  -41   -8   88  -26]]]


 [[[ -10   36   -9   -6  -10   -8  -10   -8  -10   -8  127   -9]]]


 [[[  -6  127   -1    4   -9    0   -4    0   -8   -2   78   -5]]]


 [[[  -4 -127   -3   -3   -5   -4   -4   -4   -4   -4   58   -4]]]


 [[[ -55   87   65  -80  -99  -55   20 -127  -62  -26   62  -70]]]


 [[[ -96   65  -61  -53 -116  -40  -69  -70 -127  -47  105  -83]]]


 [[[ -23  126  -14  -13  -22  -20  -19  -17  -17  -20  127  -23]]]


 [[[ -10   73  -14   -7  -10   -9  -13   -6  -11  -12  127   -8]]]


 [[[  -7   70   -4    0  -10   -3   -7   -5  -11    0  127   -7]]]


 [[[  -7  127    0   -4  -11   -2   -2  -10  -12    0   68  -10]]]


 [[[   9   41   12    5    5    7   11    6    7    9  127    9]]]


 [[[  -6   34   -4   -4   -5   -5   -3   -5   -5   -3  127   -4]]]


 [[[ -17   36   -5   -9  -21  -12   -9  -15  -19   -8  127  -15]]]


 [[[  -2  115    1   -3   -3   -3    0   -3   -2   -2  127   -3]]]


 [[[  -9   30    1   -4   -8   -8   -5  -11   -5   -7  127  -13]]]


 [[[ -11   35   -7   -4   -9   -5   -8   -8  -10   -6  127   -9]]]


 [[[ -22   19  -23  -18  -18  -23  -22  -19  -19  -22  127  -25]]]


 [[[  -4   39   -2   -3   -3   -4   -3   -3   -3   -2  127   -4]]]


 [[[ -26   77  -19  -36  -29  -28  -21  -32  -24  -27  127  -28]]]


 [[[ -13  -10   -3   -7  -10  -11   -8  -13   -6  -12  127  -16]]]


 [[[ -18   -5   -5  -12  -21  -16  -13  -20  -18  -14  127  -25]]]


 [[[  -5   20    1   -5   -6   -6   -2   -8   -3   -4  127   -7]]]


 [[[ -21   75  -18  -14  -21  -17  -20  -17  -21  -17  127  -20]]]


 [[[ -12 -127   -6  -18  -24   -9  -12  -17  -25  -11   29  -16]]]


 [[[ -12  127   -8   -1    0  -14   -7   -4    1   -8  107   -8]]]


 [[[ -16  103   -6   -9  -13  -17  -15  -15  -13  -15  127  -19]]]


 [[[  -1  127    2    1    1   -1    1   -2   -1    2  107    0]]]


 [[[  -2   24    0    1   -3   -1   -1   -1   -1    0  127   -1]]]


 [[[ -22    8  -11  -16  -31  -24  -21  -30  -22  -19  127  -30]]]


 [[[   1   10    2    2    4    3    3    2    2    4  127    3]]]


 [[[  -8   14   -4   -7   -8   -6   -6   -8   -8   -6  127   -8]]]


 [[[  -2  -60    0   -3    0   -4    0   -4    1   -3  127   -3]]]


 [[[ -11   89   -7   -6   -4  -11   -8   -6   -8   -7  127   -9]]]


 [[[  -5  127   -1   -2   -3   -3   -1   -2   -4    0   72   -4]]]


 [[[   6 -127    9    6    5    7    9    5    7    6  -12    5]]]


 [[[ -25  105  -22  -22  -31  -28  -31  -26  -25  -27  127  -35]]]


 [[[ -13  127  -12   -5  -17   -2  -11  -14  -23    2   91  -23]]]


 [[[  -6 -127   -4   -4   -2   -4   -6   -5   -6   -4   35   -8]]]


 [[[  -8  127   -1    0  -15   -6   -7   -6  -13   -6   65   -9]]]


 [[[ -47  127  -18  -25  -54  -36  -25  -50  -47  -37  126  -53]]]


 [[[ -29  127  -33    7  -57   -5  -39   -2  -49  -27   46  -25]]]


 [[[  -3   54   -4   -2   -1   -3   -2   -2   -2   -2  127   -2]]]


 [[[ -51  100  -39  -36  -43  -48  -49  -46  -48  -50  127  -51]]]


 [[[ -22   88  -24  -24  -25  -21  -27  -22  -26  -21  127  -25]]]


 [[[  -4   67   -2   -4   -4   -3   -3   -4   -5   -2  127   -4]]]


 [[[   1  -58    2    2    2    1    1    2    1    2  127    1]]]


 [[[  10  123   18  -13   -5    1   11   -7    3    5  127   -2]]]


 [[[  -5  -21   -3   -1   -3   -5   -5   -3   -3   -4  127   -6]]]


 [[[ -13  -14  -20   -8  -11  -11  -18   -9  -15  -16  127  -15]]]


 [[[  -3 -127    1    0   -3   -1    0   -3   -4    0   29   -3]]]


 [[[  -8   71   -6   -1   -5   -6   -7   -5   -6   -4  127   -7]]]


 [[[  -3 -127    0    0  -10   -5   -4   -2   -3   -5   31   -4]]]


 [[[  -5   60   -6   -2   -3   -4   -6   -2   -5   -2  127   -2]]]


 [[[   0  127   11    8    4    0    6    0    8    2   38    0]]]


 [[[ -51  123  -43  -37  -49  -51  -53  -42  -39  -60  127  -56]]]


 [[[   6 -127    8    6    6    8    9    5    7    6  -42    6]]]


 [[[ -14  127  -12   -9  -19   -7  -14  -15  -22   -6   43  -18]]]


 [[[ -19   46  -16  -15  -17  -11  -18  -16  -24  -13  127  -18]]]


 [[[   2  -25    6    9   -1    6   13    2    6    7  127    7]]]


 [[[  -3  -19   -2   -3   -4   -2   -3   -4   -5   -1  127   -2]]]


 [[[   1  127    1    0    2    1    2    1    1    1  -37    1]]]


 [[[  19 -127   21   19   20   20   24   20   20   23   45   23]]]


 [[[   2  107    4    3    2    3    3    2    1    4  127    2]]]


 [[[   2  -97    2    2    2    0    2    2    3    0  127    2]]]


 [[[ -44   50  -34  -24  -40  -44  -39  -34  -32  -41  127  -42]]]


 [[[ -23  110  -21  -24  -16  -29  -18  -24  -21  -16  127  -21]]]


 [[[ -17  109  -25  -26  -19  -11  -18  -20  -27  -11  127  -12]]]


 [[[  -3   16    1   -3   -3   -3    0   -5    0   -3  127   -5]]]


 [[[  -1   64   -1   -1    1   -2   -2    0    0   -2  127   -1]]]


 [[[ -25  127  -23  -19  -21  -26  -20  -25  -25  -23   64  -28]]]


 [[[ -14   31  -12   -1  -21    2  -14   -1  -26    0  127  -14]]]


 [[[ -14  -36   -6  -12  -20  -14  -11  -20  -18  -12  127  -22]]]


 [[[ -17  127  -13  -10  -15  -11  -14  -11  -22   -9   79  -16]]]


 [[[ -15 -127  -11  -15  -15  -13  -13  -18  -14  -13  122  -18]]]


 [[[  -2   53    0   -2   -1   -3   -2   -4   -1   -3  127   -3]]]


 [[[  34 -127   -6    6   25    1   -7   25   53  -11 -118   29]]]


 [[[ -29   81  -19  -21  -20  -28  -20  -27  -24  -26  127  -34]]]


 [[[ -13  127  -10   -7  -18   -5  -11  -10  -22   -7   95  -14]]]


 [[[  -9   13   -8   -6   -7   -5   -8   -6  -11   -5  127   -7]]]


 [[[   0 -127    0    0    1    0    0    0    0    0   46    0]]]


 [[[  -5   86   -2   -4   -6   -4   -3   -5   -5   -4  127   -5]]]


 [[[  -2  -37   -6    0    3   -7   -3   -2    2   -5  127   -3]]]


 [[[  14   34   10   12   17   12   14   13   16   13  127   15]]]


 [[[   1  -31    6    9    2    5    5    7    2    6  127    4]]]]

=== BIAS ===
name    : build_efficientnetv2_b0_full_bnless/block4a_se_expand/Relu6;build_efficientnetv2_b0_full_bnless/block4a_se_expand/add;build_efficientnetv2_b0_full_bnless/block4a_se_expand/BiasAdd/ReadVariableOp;build_efficientnetv2_b0_full_bnless/block4a_se_expand/BiasAdd;build_efficientnetv2_b0_full_bnless/block6h_project_conv/Conv2D;build_efficientnetv2_b0_full_bnless/block4a_se_expand/Conv2D;build_efficientnetv2_b0_full_bnless/block1a_project_activation/add/y
index   : 167
shape   : [192]
dtype   : <class 'numpy.int32'>
quant   : {'scales': [0.00010523213859414682, 5.13623162987642e-05, 4.051760697620921e-05, 2.7459758712211624e-05, 7.428106619045138e-05, 2.292157478223089e-05, 5.3783653129357845e-05, 1.9995066395495087e-05, 0.00021062581799924374, 3.7269623135216534e-05, 4.953605821356177e-05, 4.7116762289078906e-05, 1.9750241335714236e-05, 2.2601187083637342e-05, 2.7522230084287003e-05, 0.00027891641366295516, 2.048701571766287e-05, 7.268727495102212e-05, 0.00010516274778638035, 4.762203025165945e-05, 3.9628095692023635e-05, 0.0002180524606956169, 3.94032867916394e-05, 7.951233419589698e-05, 2.8097138056182303e-05, 3.098509841947816e-05, 3.3067008189391345e-05, 9.61012628977187e-05, 5.2389812481123954e-05, 6.217146437847987e-05, 2.721463533816859e-05, 8.419834921369329e-05, 3.950048267142847e-05, 4.4283460738370195e-06, 4.7272438678191975e-05, 5.947276440565474e-05, 0.00013991691230330616, 5.988506381982006e-05, 3.03693232126534e-05, 6.369625771185383e-05, 0.0002800003858283162, 5.986870746710338e-05, 6.888013012940064e-05, 3.686915079015307e-05, 7.127040589693934e-05, 1.2120410247007385e-05, 2.0376381144160405e-05, 3.38934623869136e-05, 6.386867607943714e-05, 2.4931077859946527e-05, 5.3409807151183486e-05, 4.4480613723862916e-05, 0.000153602275531739, 3.239350189687684e-05, 5.8211389841744676e-05, 0.00021856182138435543, 3.1236326321959496e-05, 2.3471584427170455e-05, 3.589734842535108e-05, 2.9611081117764115e-05, 4.0794548112899065e-05, 4.260040077497251e-05, 1.7553025827510282e-05, 3.10427276417613e-05, 6.756417860742658e-05, 2.7578762455959804e-05, 2.362972190894652e-05, 6.152888090582564e-05, 7.856882439227775e-05, 3.4834407415473834e-05, 0.0002361111546633765, 2.1310876036295667e-05, 3.79269004042726e-05, 2.7444186343927868e-05, 6.665440741926432e-05, 0.0001753936376189813, 0.0002518843684811145, 6.429266795748845e-05, 8.198737486964092e-05, 4.702597652794793e-05, 4.854753569816239e-05, 0.0001545017585158348, 4.204011565889232e-05, 4.462785000214353e-05, 0.0002877424703910947, 0.00019330342183820903, 1.5391087799798697e-05, 3.721095708897337e-05, 4.1191997297573835e-05, 4.428937245393172e-05, 4.243475996190682e-05, 4.044273009640165e-05, 9.43592531257309e-05, 0.0002056009107036516, 3.77810065401718e-05, 3.963345443480648e-05, 2.6502904802327976e-05, 5.321219578036107e-05, 4.934883691021241e-05, 3.3672880817903206e-05, 2.202297946496401e-05, 4.260149216861464e-05, 0.00016347049677278847, 5.092092033009976e-05, 1.2668977433349937e-05, 6.12649237154983e-05, 1.2404033441271167e-05, 6.838385888841003e-05, 3.523132545524277e-05, 7.230531628010795e-05, 4.0202008676715195e-05, 0.0002832489844877273, 0.00010416314034955576, 4.8363086534664035e-05, 5.919766772422008e-05, 8.738131145946681e-05, 5.1198378059780225e-05, 1.995600905502215e-05, 0.00010634463251335546, 4.042497675982304e-05, 2.7949219656875357e-05, 2.473895438015461e-05, 3.076655775657855e-05, 7.06352511770092e-05, 1.2178385077277198e-05, 3.63212420779746e-05, 8.913945202948526e-05, 1.699550193734467e-05, 2.37974072661018e-05, 6.895308615639806e-05, 6.987803499214351e-05, 0.0001067410921677947, 1.4649598597316071e-05, 6.445823237299919e-05, 2.8177941203466617e-05, 6.425890023820102e-05, 3.6782083043362945e-05, 4.378294761409052e-05, 2.408862746960949e-05, 7.55381552153267e-05, 2.1170177205931395e-05, 2.1264635506668128e-05, 3.0697101465193555e-05, 6.1815619119443e-05, 8.251211511378642e-06, 0.00022454257123172283, 4.233939034747891e-05, 9.778776075108908e-06, 0.00013554716133512557, 8.089661423582584e-05, 6.548341843881644e-06, 7.272392394952476e-05, 5.314156805980019e-05, 2.4622817363706417e-05, 8.777329639997333e-05, 3.588631079765037e-05, 4.572260149870999e-05, 3.4164462704211473e-05, 3.204852691851556e-05, 0.00016354631225112826, 4.945586988469586e-05, 2.515776941436343e-05, 5.382655217545107e-05, 3.592163193388842e-05, 1.3274011507746764e-05, 5.34724495082628e-05, 5.410571702668676e-06, 7.985013508005068e-05, 0.0003258718061260879, 0.00020220049191266298, 3.2970739994198084e-05, 5.763539593317546e-05, 4.9725444114301354e-05, 5.518756734090857e-05, 6.297930667642504e-05, 5.432061880128458e-05, 4.408393215271644e-05, 8.588881610194221e-05, 3.3133517717942595e-05, 5.6570021115476266e-05, 5.2784220315515995e-05, 2.4521781597286463e-05, 4.0434315451420844e-05, 0.00010667581227608025, 1.8706479750107974e-05, 4.811353574041277e-05, 4.224952499498613e-05, 0.00029762674239464104, 3.75890958821401e-05, 4.7380955948028713e-05, 8.787777915131301e-05, 5.958982728770934e-05], 'zero_points': [0, 0, 0, 0, 0, 0, 0, 0, 0, 0, 0, 0, 0, 0, 0, 0, 0, 0, 0, 0, 0, 0, 0, 0, 0, 0, 0, 0, 0, 0, 0, 0, 0, 0, 0, 0, 0, 0, 0, 0, 0, 0, 0, 0, 0, 0, 0, 0, 0, 0, 0, 0, 0, 0, 0, 0, 0, 0, 0, 0, 0, 0, 0, 0, 0, 0, 0, 0, 0, 0, 0, 0, 0, 0, 0, 0, 0, 0, 0, 0, 0, 0, 0, 0, 0, 0, 0, 0, 0, 0, 0, 0, 0, 0, 0, 0, 0, 0, 0, 0, 0, 0, 0, 0, 0, 0, 0, 0, 0, 0, 0, 0, 0, 0, 0, 0, 0, 0, 0, 0, 0, 0, 0, 0, 0, 0, 0, 0, 0, 0, 0, 0, 0, 0, 0, 0, 0, 0, 0, 0, 0, 0, 0, 0, 0, 0, 0, 0, 0, 0, 0, 0, 0, 0, 0, 0, 0, 0, 0, 0, 0, 0, 0, 0, 0, 0, 0, 0, 0, 0, 0, 0, 0, 0, 0, 0, 0, 0, 0, 0, 0, 0, 0, 0, 0, 0, 0, 0, 0, 0, 0, 0], 'axis': 0, 'scale_tuple': 0.0, 'zp_tuple': 0}
values(int):
[  13305  125283  111856  187413   77434  258225  124279  289307   29148  174541  123513  125557  274203  218900
  226194   25806  280839   85190   47813   79482  136824   35349  125143   87668  175750  199213  164743   75644
  118307  104054  160357   91037  128548 1639486  117854  104206   30342   96912  192622  102358   25824  114535
   93062  121922   61805  443836  240639  171825   82417  191725  110510  125411   23273  177843  101489   21797
  128188  200872  128230  162744  143286  135341  364587  256183   93104  222728  206397  105779   70245  154509
   24055  232301  143149  158308   94742   30319     632   88746   91046  135196  133252   15216  128120  135675
   20595   26517  484635  119362  143245  126537  141420  116524   81169   10728  174374  115466  213970   80866
  114261  165628  219320   98116   18624  106380  464089  102254  496396   85055  121228  106749  117936   22185
   49337  127816  107739   65963  119389  287588   60959  158388  201507  295314  163728   87660  490196  160487
   72821  298396  206923   88542   99622   47586  372902   98935  192345   99705  165186  174457  301156   92308
  223261  259211  163380   93035  715457   23887  111642  494010   28275   87043  887895   78077  109587  270683
   64902  147908  134232  173550  167718   33107  109948  195381  105491  134539  445542  110339  930699   87598
   -3414   28098  180762   92513  115613  111543   97862   91691  155044   56490  139670   72517   81992  287313
  169093   36793  260700   93756  131613   25003  191108  138342   75225   74219]

=== OFM ===
name    : build_efficientnetv2_b0_full_bnless/block4a_se_expand/Relu6;build_efficientnetv2_b0_full_bnless/block4a_se_expand/add;build_efficientnetv2_b0_full_bnless/block4a_se_expand/BiasAdd/ReadVariableOp;build_efficientnetv2_b0_full_bnless/block4a_se_expand/BiasAdd;build_efficientnetv2_b0_full_bnless/block6h_project_conv/Conv2D;build_efficientnetv2_b0_full_bnless/block4a_se_expand/Conv2D;build_efficientnetv2_b0_full_bnless/block1a_project_activation/add/y1
index   : 231
shape   : [1, 1, 1, 192]
dtype   : <class 'numpy.int8'>
quant   : {'scales': [0.0235294122248888], 'zero_points': [-128], 'axis': 0, 'scale_tuple': 0.0235294122248888, 'zp_tuple': -128}
values(int):
[[[[ -86  127   74   96  127  127  127  123  124  127  127  127  108   88  127  127  123  127  108   42  110  127
      94  127   88  127  110  127  127  127   67  127   95  127  125  127    3  127  127  127  127  127  127   73
      86  104   87  127  109   85  127  120   22  127  127   65   54   79   76   85  127  127  127  127  127  127
      87  127  127  111  105   84  113   63  127   92  -92  127  127  127  127   -7  115  127  117   78  127   74
     127  123  127   87  127  -22  127   77  122   70  126  120   84   61   37  119  124  127  127  127   64  127
      85  127  114  127  127  127  127  121  127  127  120  127   95  127  127  127  127   92   87  127  127   81
     109  127  112  127  127  127  127  127   80  112   81  127  125   88   84   81   65  127  122  127  127  127
     127  106  127  122  111   92  119   86  127   70  126  127   87  127 -128  105  127  108  127  127  127   98
     127  101   78   59   71  127  127    1   86   79  120  127  127  127  127   73]]]]

=== REQUANT (computed) ===
s_in: 0.052977800369262695, zp_in: -121
s_w[0:8]: [0.001986344112083316, 0.0009695063927210867, 0.0007648034952580929, 0.0005183257744647563, 0.001402116846293211, 0.000432663771789521, 0.0010152111062780023, 0.0003774235083255917]
zp_w[0:8]: [0, 0, 0, 0, 0, 0, 0, 0]
s_out[0:8]: [0.0235294122248888, 0.0235294122248888, 0.0235294122248888, 0.0235294122248888, 0.0235294122248888, 0.0235294122248888, 0.0235294122248888, 0.0235294122248888]
zp_out[0:8]: [-128, -128, -128, -128, -128, -128, -128, -128]
M[0:8]: [1229354589, 1200061083, 1893357109, 1283173777, 1735549010, 2142215702, 1256634663, 1868708726]
n[0:8]: [7, 8, 9, 9, 8, 10, 8, 10]

--- VERIFY SAMPLE OUTPUTS (CONV family, grid) ---
stride=(1, 1), padding=SAME, kernel=(1,1), grid=1x1 points
pos(h,w),ch | acc | M | n | zp_out | y_calc | y_ref | match

--- DEBUG ACC for (h=0, w=0, ch=0) ---
x[0,0,0]=-121 * w[0,0,0,0]=15 => -1815
x[0,0,1]=-98 * w[0,0,0,1]=-127 => 12446
x[0,0,2]=-121 * w[0,0,0,2]=-26 => 3146
x[0,0,3]=-121 * w[0,0,0,3]=11 => -1331
x[0,0,4]=-121 * w[0,0,0,4]=58 => -7018
x[0,0,5]=-126 * w[0,0,0,5]=38 => -4788
x[0,0,6]=-121 * w[0,0,0,6]=16 => -1936
x[0,0,7]=-121 * w[0,0,0,7]=33 => -3993
x[0,0,8]=-121 * w[0,0,0,8]=10 => -1210
x[0,0,9]=-125 * w[0,0,0,9]=36 => -4500
x[0,0,10]=-74 * w[0,0,0,10]=-12 => 888
x[0,0,11]=-121 * w[0,0,0,11]=36 => -4356
sum_xw=-14467, sum_x=-1391, sum_w=88
-zp_in*sum_w=10648, -zp_w*sum_x=0, +K*zp_in*zp_w=0
+bias=13305
acc(before clip)=9486
(0,0),0 | 9486 | 1229354589 | 7 | -128 | -86 | -86 | OK

--- DEBUG ACC for (h=0, w=0, ch=1) ---
x[0,0,0]=-121 * w[1,0,0,0]=-10 => 1210
x[0,0,1]=-98 * w[1,0,0,1]=82 => -8036
x[0,0,2]=-121 * w[1,0,0,2]=-5 => 605
x[0,0,3]=-121 * w[1,0,0,3]=-7 => 847
x[0,0,4]=-121 * w[1,0,0,4]=-9 => 1089
x[0,0,5]=-126 * w[1,0,0,5]=-10 => 1260
x[0,0,6]=-121 * w[1,0,0,6]=-7 => 847
x[0,0,7]=-121 * w[1,0,0,7]=-10 => 1210
x[0,0,8]=-121 * w[1,0,0,8]=-9 => 1089
x[0,0,9]=-125 * w[1,0,0,9]=-8 => 1000
x[0,0,10]=-74 * w[1,0,0,10]=127 => -9398
x[0,0,11]=-121 * w[1,0,0,11]=-10 => 1210
sum_xw=-7067, sum_x=-1391, sum_w=124
-zp_in*sum_w=15004, -zp_w*sum_x=0, +K*zp_in*zp_w=0
+bias=125283
acc(before clip)=133220
(0,0),1 | 133220 | 1200061083 | 8 | -128 | 127 | 127 | OK

--- DEBUG ACC for (h=0, w=0, ch=2) ---
x[0,0,0]=-121 * w[2,0,0,0]=-21 => 2541
x[0,0,1]=-98 * w[2,0,0,1]=-31 => 3038
x[0,0,2]=-121 * w[2,0,0,2]=-11 => 1331
x[0,0,3]=-121 * w[2,0,0,3]=-3 => 363
x[0,0,4]=-121 * w[2,0,0,4]=-19 => 2299
x[0,0,5]=-126 * w[2,0,0,5]=-13 => 1638
x[0,0,6]=-121 * w[2,0,0,6]=-16 => 1936
x[0,0,7]=-121 * w[2,0,0,7]=-6 => 726
x[0,0,8]=-121 * w[2,0,0,8]=-20 => 2420
x[0,0,9]=-125 * w[2,0,0,9]=-12 => 1500
x[0,0,10]=-74 * w[2,0,0,10]=127 => -9398
x[0,0,11]=-121 * w[2,0,0,11]=-16 => 1936
sum_xw=10330, sum_x=-1391, sum_w=-41
-zp_in*sum_w=-4961, -zp_w*sum_x=0, +K*zp_in*zp_w=0
+bias=111856
acc(before clip)=117225
(0,0),2 | 117225 | 1893357109 | 9 | -128 | 74 | 74 | OK

--- DEBUG ACC for (h=0, w=0, ch=3) ---
x[0,0,0]=-121 * w[3,0,0,0]=-18 => 2178
x[0,0,1]=-98 * w[3,0,0,1]=127 => -12446
x[0,0,2]=-121 * w[3,0,0,2]=-13 => 1573
x[0,0,3]=-121 * w[3,0,0,3]=-12 => 1452
x[0,0,4]=-121 * w[3,0,0,4]=-17 => 2057
x[0,0,5]=-126 * w[3,0,0,5]=-18 => 2268
x[0,0,6]=-121 * w[3,0,0,6]=-14 => 1694
x[0,0,7]=-121 * w[3,0,0,7]=-15 => 1815
x[0,0,8]=-121 * w[3,0,0,8]=-13 => 1573
x[0,0,9]=-125 * w[3,0,0,9]=-16 => 2000
x[0,0,10]=-74 * w[3,0,0,10]=29 => -2146
x[0,0,11]=-121 * w[3,0,0,11]=-16 => 1936
sum_xw=3954, sum_x=-1391, sum_w=4
-zp_in*sum_w=484, -zp_w*sum_x=0, +K*zp_in*zp_w=0
+bias=187413
acc(before clip)=191851
(0,0),3 | 191851 | 1283173777 | 9 | -128 | 96 | 96 | OK

--- DEBUG ACC for (h=0, w=0, ch=4) ---
x[0,0,0]=-121 * w[4,0,0,0]=-7 => 847
x[0,0,1]=-98 * w[4,0,0,1]=127 => -12446
x[0,0,2]=-121 * w[4,0,0,2]=4 => -484
x[0,0,3]=-121 * w[4,0,0,3]=-8 => 968
x[0,0,4]=-121 * w[4,0,0,4]=-13 => 1573
x[0,0,5]=-126 * w[4,0,0,5]=-10 => 1260
x[0,0,6]=-121 * w[4,0,0,6]=2 => -242
x[0,0,7]=-121 * w[4,0,0,7]=-9 => 1089
x[0,0,8]=-121 * w[4,0,0,8]=8 => -968
x[0,0,9]=-125 * w[4,0,0,9]=-9 => 1125
x[0,0,10]=-74 * w[4,0,0,10]=120 => -8880
x[0,0,11]=-121 * w[4,0,0,11]=-16 => 1936
sum_xw=-14222, sum_x=-1391, sum_w=189
-zp_in*sum_w=22869, -zp_w*sum_x=0, +K*zp_in*zp_w=0
+bias=77434
acc(before clip)=86081
(0,0),4 | 86081 | 1735549010 | 8 | -128 | 127 | 127 | OK

--- DEBUG ACC for (h=0, w=0, ch=5) ---
x[0,0,0]=-121 * w[5,0,0,0]=-10 => 1210
x[0,0,1]=-98 * w[5,0,0,1]=-37 => 3626
x[0,0,2]=-121 * w[5,0,0,2]=-4 => 484
x[0,0,3]=-121 * w[5,0,0,3]=-7 => 847
x[0,0,4]=-121 * w[5,0,0,4]=-9 => 1089
x[0,0,5]=-126 * w[5,0,0,5]=-11 => 1386
x[0,0,6]=-121 * w[5,0,0,6]=-7 => 847
x[0,0,7]=-121 * w[5,0,0,7]=-11 => 1331
x[0,0,8]=-121 * w[5,0,0,8]=-6 => 726
x[0,0,9]=-125 * w[5,0,0,9]=-9 => 1125
x[0,0,10]=-74 * w[5,0,0,10]=127 => -9398
x[0,0,11]=-121 * w[5,0,0,11]=-10 => 1210
sum_xw=4483, sum_x=-1391, sum_w=6
-zp_in*sum_w=726, -zp_w*sum_x=0, +K*zp_in*zp_w=0
+bias=258225
acc(before clip)=263434
(0,0),5 | 263434 | 2142215702 | 10 | -128 | 127 | 127 | OK
