MODEL : efficientnetv2_b0_bnless_int8.tflite
OP #42: SHAPE

=== IFM0 ===
name    : build_efficientnetv2_b0_full_bnless/block4b_se_squeeze/Mean
index   : 239
shape   : [1, 384]
dtype   : <class 'numpy.int8'>
quant   : {'scales': [0.032033756375312805], 'zero_points': [-116], 'axis': 0, 'scale_tuple': 0.032033756375312805, 'zp_tuple': -116}
values(int):
[[-114 -123 -124  -88 -120 -116 -123 -106 -123 -118 -108 -103 -122 -113 -117  -89 -123 -123 -123   19 -105  -93  -89
  -112  -95  -85 -100 -114  -82 -124  -73  -99 -120 -124 -109  -81 -122  -81  -73 -122 -112 -102  -91 -123 -122 -125
  -105 -108 -123 -121  -72 -107 -120  -74 -113 -110 -121 -124 -117 -122 -121 -116  -99 -116  -73 -122 -120 -116  -65
  -117 -118  -97 -101  -90 -103 -102 -112  -75 -119 -122 -122 -116 -119  -94 -108 -100 -123  -86 -125 -124 -117 -123
  -113  -73 -116 -111 -124 -124 -125 -124 -117 -124 -107  -87 -122 -123 -123  -94 -105 -112   30  -49 -115 -125 -108
   -65  -61 -124 -119 -125 -101 -125 -114 -110 -124 -110  -76 -119 -123 -121 -108 -119 -115  -88 -121 -115 -123 -101
   -66 -116 -124 -122  -75  -86 -106 -123 -125 -119 -105  -97  -97  -77  -76 -123 -122 -124 -119 -125 -117 -109  -99
  -104 -113  -98 -122  -90 -123 -124 -125 -125  -99 -118  -17  -40 -122  -90  -70  -79 -120 -113 -121 -104 -124 -119
  -121  -70    4  -81 -123 -125 -122 -119 -124 -123 -113  -75 -121 -119 -123  -94 -116 -109  -59 -117 -122 -121 -116
  -122 -116  -32 -121 -123  -94 -121 -117 -105 -122 -125 -121 -123 -109 -113 -122 -123 -120 -121 -118 -122 -123 -107
  -121 -116 -117  -98 -124 -124 -109  -99  -60 -119 -125 -118 -124 -124 -122 -105 -110 -122  -92 -122 -107  -13 -121
  -124   65 -121 -106 -124   -5 -118 -104 -109 -120 -125 -101 -124 -105 -113 -119 -120  -97  -92 -117  -86  -87  -94
  -124 -119 -121 -111 -116 -118 -122 -124 -125 -119 -106 -117 -118 -117 -123 -123 -125  -93 -124 -123 -116 -121 -123
  -121 -109  -92 -115 -119 -122 -122 -122 -122 -116 -109  -71 -110 -121 -124 -121 -122  -89 -125 -111 -122 -100 -122
  -123 -118 -120 -115 -120 -121 -123 -125  -93 -105 -120 -125 -125 -124 -103 -118 -104 -122 -108 -102 -105 -124  -94
  -116 -122 -124 -124 -124 -123 -121 -116 -123  -93 -124  -91 -100  -21 -111 -122 -117 -125 -116 -116 -124 -124 -118
  -119  -61 -114 -100 -116 -104  -91 -114 -119  -73 -107 -124 -117 -116 -108  127]]

=== IFM1 ===
N/A

=== BIAS ===
N/A

=== OFM ===
name    : build_efficientnetv2_b0_full_bnless/block4b_se_reshape/Shape
index   : 240
shape   : [2]
dtype   : <class 'numpy.int32'>
quant   : {'scales': [], 'zero_points': [], 'axis': 0, 'scale_tuple': 0.0, 'zp_tuple': 0}
values(int):
[  1 384]
