MODEL : efficientnetv2_b0_bnless_int8.tflite
OP #48: CONV_2D

=== IFM ===
name    : build_efficientnetv2_b0_full_bnless/block4b_se_reduce/truediv;build_efficientnetv2_b0_full_bnless/block1a_project_activation/truediv/y;build_efficientnetv2_b0_full_bnless/block1a_project_activation/add/y;build_efficientnetv2_b0_full_bnless/block4b_se_reduce/Relu6;build_efficientnetv2_b0_full_bnless/block4b_se_reduce/add;build_efficientnetv2_b0_full_bnless/block4b_se_reduce/mul;build_efficientnetv2_b0_full_bnless/block2a_expand_activation/truediv;build_efficientnetv2_b0_full_bnless/block1a_project_activation/truediv/y
index   : 245
shape   : [1, 1, 1, 24]
dtype   : <class 'numpy.int8'>
quant   : {'scales': [0.04365520924329758], 'zero_points': [-119], 'axis': 0, 'scale_tuple': 0.04365520924329758, 'zp_tuple': -119}
values(int):
[[[[ -52  -67   54  -67 -126  -47  -69 -127  -89  -41 -119 -114  -77 -103   16  -80 -127 -121  -13 -120 -100  -87
     -72 -119]]]]

=== WEIGHTS ===
name    : build_efficientnetv2_b0_full_bnless/block4b_se_expand/Conv2D
index   : 157
shape   : [384, 1, 1, 24]
dtype   : <class 'numpy.int8'>
quant   : {'scales': [0.0007244915468618274, 0.0005432654870674014, 0.0004939265782013535, 0.0037049301899969578, 0.0008502393029630184, 0.0007002039346843958, 0.0022094121668487787, 0.0005711460253223777, 0.0006624270463362336, 0.0009216707549057901, 0.0030703917145729065, 0.0035579123068600893, 0.00041226373286917806, 0.0030181407928466797, 0.0023524644784629345, 0.0010392711265012622, 0.0006230798899196088, 0.0009689948637969792, 0.003341920906677842, 0.0021153371781110764, 0.001719501568004489, 0.0017561223357915878, 0.0019622871186584234, 0.005857410840690136, 0.0036717664916068316, 0.0022439812310039997, 0.0011338472831994295, 0.0007686312892474234, 0.006196601316332817, 0.0024983456823974848, 0.007321150042116642, 0.003972257953137159, 0.002161764306947589, 0.0016546191181987524, 0.000847710995003581, 0.005330169573426247, 0.0006969450041651726, 0.0027524668257683516, 0.011831749230623245, 0.00041630485793575644, 0.0014994654338806868, 0.002736742841079831, 0.0030351008754223585, 0.0006844231975264847, 0.0005461861146613955, 0.004261523950845003, 0.0007925524259917438, 0.001145072397775948, 0.0069104814901947975, 0.001114131067879498, 0.0052466923370957375, 0.0014003377873450518, 0.0010619451059028506, 0.004516924265772104, 0.0010435308795422316, 0.0026183463633060455, 0.0007942531374283135, 0.0009923138422891498, 0.001206584507599473, 0.0007521950756199658, 0.0008395278709940612, 0.0022253103088587523, 0.00621078722178936, 0.0025217412039637566, 0.003597525181248784, 0.002479367656633258, 0.0015274615725502372, 0.003994646482169628, 0.009350404143333435, 0.0007779310690239072, 0.003657242516055703, 0.004619638901203871, 0.001707672723568976, 0.0010809031082317233, 0.0011163942981511354, 0.0030522244051098824, 0.0009472008678130805, 0.005173974670469761, 0.0020767105743288994, 0.001249332563020289, 0.0005728166433982551, 0.001214391435496509, 0.0016287941252812743, 0.0015987816732376814, 0.0042197210714221, 0.00289126462303102, 0.0007035909220576286, 0.003819218836724758, 0.003102484392002225, 0.0005060816765762866, 0.0005520842387340963, 0.001481108833104372, 0.0007000756449997425, 0.0028752193320542574, 0.0014556754613295197, 0.0011778065236285329, 0.0004567741707433015, 0.0005358036141842604, 0.003642548806965351, 0.0013219376560300589, 0.003170036245137453, 0.0021517546847462654, 0.002715384354814887, 0.002530951052904129, 0.000566906004678458, 0.000508601893670857, 0.0009611459681764245, 0.0011998332338407636, 0.0031926336232572794, 0.0015660455683246255, 0.004428436979651451, 0.0026050873566418886, 0.004324926529079676, 0.001086563803255558, 0.005814040545374155, 0.0027053693775087595, 0.003553769551217556, 0.002274730708450079, 0.001648216275498271, 0.0031456579454243183, 0.0009575886069796979, 0.0007469984702765942, 0.003471818519756198, 0.0026853661984205246, 0.0025506392121315002, 0.004422701895236969, 0.002895745448768139, 0.0013613064074888825, 0.0027331209275871515, 0.0024081680458039045, 0.0012863273732364178, 0.0015061658341437578, 0.0006848437478765845, 0.005758211482316256, 0.0014792161528021097, 0.0023991353809833527, 0.0010597356595098972, 0.00542136887088418, 0.005240260157734156, 0.0015716439811512828, 0.0014518436510115862, 0.0011209421791136265, 0.005094063002616167, 0.004830977413803339, 0.0009725866839289665, 0.0027571870014071465, 0.004251577891409397, 0.002294553443789482, 0.0011195383267477155, 0.005675900727510452, 0.004975151736289263, 0.0019544519018381834, 0.0015302051324397326, 0.0005923318676650524, 0.0009682754171080887, 0.0035962234251201153, 0.00402740528807044, 0.0012764923740178347, 0.00083372020162642, 0.006019711960107088, 0.0016859084134921432, 0.0008743829093873501, 0.0005964935407973826, 0.0008741315687075257, 0.0005745025700889528, 0.0024031205102801323, 0.003740559797734022, 0.0017563353758305311, 0.0027358883526176214, 0.0025369711220264435, 0.0012551432009786367, 0.0009503407054580748, 0.0028893796261399984, 0.0021571132820099592, 0.003809793386608362, 0.0033295932225883007, 0.001763658132404089, 0.0019498334731906652, 0.0037303136195987463, 0.0014491238398477435, 0.0018090313533321023, 0.0009791054762899876, 0.002480109455063939, 0.0009960266761481762, 0.0011079591931775212, 0.004147294443100691, 0.0033762408420443535, 0.0022939916234463453, 0.0026406338438391685, 0.003362619783729315, 0.0026143614668399096, 0.0011682672193273902, 0.0005083963042125106, 0.0031838524155318737, 0.002501597860828042, 0.002094581024721265, 0.0005623298930004239, 0.0005952282808721066, 0.0011681347386911511, 0.002328701550140977, 0.0013472122373059392, 0.004277463536709547, 0.003989736549556255, 0.0018505307380110025, 0.0009311676258221269, 0.0012740122620016336, 0.0021921934094280005, 0.003395878942683339, 0.0022576700430363417, 0.001188156078569591, 0.0006675993790850043, 0.0005655732820741832, 0.0005536456592381, 0.0015267294365912676, 0.003733585588634014, 0.0008545888704247773, 0.0006181985372677445, 0.0037330747582018375, 0.0004913709708489478, 0.001254345173947513, 0.002879697596654296, 0.003932702820748091, 0.0005596359842456877, 0.0008843027171678841, 0.0004498615744523704, 0.000640854996163398, 0.003970913589000702, 0.0017066540895029902, 0.0008393267053179443, 0.0014380385400727391, 0.0007699543493799865, 0.005958371330052614, 0.0012623714283108711, 0.003950146026909351, 0.0009855189127847552, 0.0007759953150525689, 0.001186434063129127, 0.002857240615412593, 0.0018755256896838546, 0.0010308916680514812, 0.0007883822545409203, 0.0012110966490581632, 0.003438276471570134, 0.003876085625961423, 0.009414607658982277, 0.0014013174222782254, 0.0033552295062690973, 0.0007330881780944765, 0.0027702113147825003, 0.002529024612158537, 0.004096835386008024, 0.004687420092523098, 0.0009681083611212671, 0.0029283526819199324, 0.0018355012871325016, 0.0009660410578362644, 0.0017679784214124084, 0.001685807015746832, 0.004024222027510405, 0.003854132955893874, 0.0033282043877989054, 0.002137517323717475, 0.0005163347232155502, 0.003059601178392768, 0.003892557229846716, 0.002757654059678316, 0.004431712441146374, 0.0007252787472680211, 0.0009830526541918516, 0.0005590696819126606, 0.0019990976434201, 0.0012830330524593592, 0.003264219732955098, 0.0045907883904874325, 0.0012562279589474201, 0.004386842250823975, 0.0018025666940957308, 0.0013449769467115402, 0.0016892082057893276, 0.003648566547781229, 0.0005526061868295074, 0.000792119069956243, 0.0009182204375974834, 0.0005423612310551107, 0.004165890626609325, 0.001147455652244389, 0.001132148434408009, 0.0015187275130301714, 0.00177220709156245, 0.003805366810411215, 0.0010387665824964643, 0.0006111417897045612, 0.004125329200178385, 0.0014841348165646195, 0.001986921764910221, 0.0014505477156490088, 0.004316845443099737, 0.0009450418874621391, 0.0025285750161856413, 0.0013688901672139764, 0.0012531576212495565, 0.004233613610267639, 0.003365718759596348, 0.0006847530603408813, 0.0005733320722356439, 0.0020811669528484344, 0.0015725038247182965, 0.0005765228415839374, 0.0028804121538996696, 0.001396309002302587, 0.0036160247400403023, 0.0015291789313778281, 0.0011312010465189815, 0.002225390402600169, 0.0009173511061817408, 0.0008438577642664313, 0.0021485593169927597, 0.0032989047467708588, 0.0010227621532976627, 0.0013538106577470899, 0.0011824233224615455, 0.004104082938283682, 0.0007572758477181196, 0.0011115889064967632, 0.0008673142874613404, 0.003426345530897379, 0.0006582231726497412, 0.0014985412126407027, 0.0020726111251860857, 0.003832427319139242, 0.003310044063255191, 0.0013873662101104856, 0.003042425261810422, 0.0034344042651355267, 0.002372921910136938, 0.001180710387416184, 0.0032956593204289675, 0.0018682547379285097, 0.0011540971463546157, 0.0007233689539134502, 0.00482971640303731, 0.001985793001949787, 0.0033817135263234377, 0.0003571844717953354, 0.0031141943763941526, 0.001332117011770606, 0.0005338244372978806, 0.0006805608863942325, 0.0003859669086523354, 0.0007513447781093419, 0.002004167763516307, 0.0032240692526102066, 0.0016648265300318599, 0.001650003483518958, 0.003767938120290637, 0.0007929981220513582, 0.003245523665100336, 0.0012305909767746925, 0.007004053797572851, 0.0027632839046418667, 0.0018714109901338816, 0.0005712268757633865, 0.004179185722023249, 0.0025018786545842886, 0.0024510545190423727, 0.000571729673538357, 0.0007019920740276575, 0.001401572022587061, 0.001969798468053341, 0.00202903407625854, 0.0015622738283127546, 0.001498786499723792, 0.0035297495778650045, 0.0012830900959670544, 0.003001469885930419, 0.0006470521911978722, 0.0050064693205058575, 0.0019305357709527016, 0.0010443240171298385, 0.0007911866996437311, 0.0008614800754003227, 0.0018082126043736935, 0.0006635470781475306, 0.0023718217853456736], 'zero_points': [0, 0, 0, 0, 0, 0, 0, 0, 0, 0, 0, 0, 0, 0, 0, 0, 0, 0, 0, 0, 0, 0, 0, 0, 0, 0, 0, 0, 0, 0, 0, 0, 0, 0, 0, 0, 0, 0, 0, 0, 0, 0, 0, 0, 0, 0, 0, 0, 0, 0, 0, 0, 0, 0, 0, 0, 0, 0, 0, 0, 0, 0, 0, 0, 0, 0, 0, 0, 0, 0, 0, 0, 0, 0, 0, 0, 0, 0, 0, 0, 0, 0, 0, 0, 0, 0, 0, 0, 0, 0, 0, 0, 0, 0, 0, 0, 0, 0, 0, 0, 0, 0, 0, 0, 0, 0, 0, 0, 0, 0, 0, 0, 0, 0, 0, 0, 0, 0, 0, 0, 0, 0, 0, 0, 0, 0, 0, 0, 0, 0, 0, 0, 0, 0, 0, 0, 0, 0, 0, 0, 0, 0, 0, 0, 0, 0, 0, 0, 0, 0, 0, 0, 0, 0, 0, 0, 0, 0, 0, 0, 0, 0, 0, 0, 0, 0, 0, 0, 0, 0, 0, 0, 0, 0, 0, 0, 0, 0, 0, 0, 0, 0, 0, 0, 0, 0, 0, 0, 0, 0, 0, 0, 0, 0, 0, 0, 0, 0, 0, 0, 0, 0, 0, 0, 0, 0, 0, 0, 0, 0, 0, 0, 0, 0, 0, 0, 0, 0, 0, 0, 0, 0, 0, 0, 0, 0, 0, 0, 0, 0, 0, 0, 0, 0, 0, 0, 0, 0, 0, 0, 0, 0, 0, 0, 0, 0, 0, 0, 0, 0, 0, 0, 0, 0, 0, 0, 0, 0, 0, 0, 0, 0, 0, 0, 0, 0, 0, 0, 0, 0, 0, 0, 0, 0, 0, 0, 0, 0, 0, 0, 0, 0, 0, 0, 0, 0, 0, 0, 0, 0, 0, 0, 0, 0, 0, 0, 0, 0, 0, 0, 0, 0, 0, 0, 0, 0, 0, 0, 0, 0, 0, 0, 0, 0, 0, 0, 0, 0, 0, 0, 0, 0, 0, 0, 0, 0, 0, 0, 0, 0, 0, 0, 0, 0, 0, 0, 0, 0, 0, 0, 0, 0, 0, 0, 0, 0, 0, 0, 0, 0, 0, 0, 0, 0, 0, 0, 0, 0, 0, 0, 0, 0, 0, 0, 0, 0, 0, 0, 0, 0, 0, 0, 0, 0, 0, 0, 0, 0, 0, 0, 0, 0, 0, 0], 'axis': 0, 'scale_tuple': 0.0, 'zp_tuple': 0}
values(int):
[[[[-105  -11  -79  -85   -2  -39   -1   76    7   -8  -19  -14   32  -35   48    8   42  -40  127  -46  -11  -43
     -24  -14]]]


 [[[ -11   13  127 -103   34   74  -14   43   44   69  108   50   -3   34    9    5  -37   13  -28   41   37   53
     113  -47]]]


 [[[ -60  -14   95   89  116  127   45   71  -10   93  -18  108  -62  -34 -110 -113   55  -41   30    6    6    8
     103   23]]]


 [[[  -7  -10   20   33  -20   63  -14  -23   20    0  -59    4   23  -27   -3   79  -23 -119   -5  -98   59  -34
     127   -7]]]


 [[[-127  -58   54    4  -65   11 -102   27   68   17  -35 -122  -26  -41  -40  -20  -40  -38   46    7  -51   43
      41   83]]]


 [[[  14   -3  127   73  -15  -49  -18   45   -8   63  -43  -33  -24   15   -2   39  -59   29  -96   17  -24   22
      12   59]]]


 [[[  -2  104  -32   98   14   95   21   26  -29    1 -127  -22   11   27  -14   -7  -33    5  -26  123  -30  -22
      62   22]]]


 [[[  11   70  -17   63   13   76  -72   30  -64  109   56   62  -21   22   -7  -65   81  -11   45   96    4   31
      31  127]]]


 [[[  42    5  127  -72   64  -32   48    5   47   23   36    4  -13  -13   46   38   23   41  116  -19   17  -10
      35   71]]]


 [[[ -21    9  127    1   23   17   22    4   10  -19   25   36    3   36   35   30  -17   16  -67  -14   15   -9
      53   41]]]


 [[[  11    6  -42  106  -39   -6  -36  -59  -13  -19  -14  -43  -59  -21  -19   24  -24  127  -62  -21   88  -11
      21   19]]]


 [[[ -13   -7   -9   -1  -11   12   65   -3  -12  -18   11   13   15   50  127  -21   17  -30  -45  -26  -29  -51
      29  -13]]]


 [[[   8 -127   39   85   27 -125   -9   24  -52  -42   32  -78  -37  -33  116   -4 -104    4   57   84   41   18
      89  127]]]


 [[[ -32  -13   38  -10    0  -24   67  -19   -3   35  -43  120 -127  -36 -105  -56    1   88  -32  -44  -12   14
     -19    9]]]


 [[[ 127   24  -10    5   -8   75  -46    6  -42    6 -106 -108   23    6  -49   12  -30  -36   45   68  -30  -34
      14   -1]]]


 [[[  51  108 -119   85   60   59   86    9 -127  -93  119   -3   86   22  -38   14   14   29  -68   89    0   69
      25  -16]]]


 [[[   1   32  127  -26  -12    1  -21   18   40   68    2   16  -47   36  -44   -6    0    5   87    6  -89   -3
      67  -89]]]


 [[[ -21   -5   80  -12   91   89   21   -5  -75   64   98   59  127   35  -75   -4   40   37   43   90   64   98
      65   37]]]


 [[[  40   -4   -5  -90 -115   -5  -17  -75    2   55   -8  -11 -125 -104   31   25    7  -55   51   -4  111 -127
      -7    6]]]


 [[[   8  -92  -35  -37  -86 -107    7 -118  -12  -36  -37  -60   -6 -100    6   11  -25  -40  -84  -61  -73  -58
     127    4]]]


 [[[  -6  -38  127   24  -29  -30   30   27   14  -40  -27    5    4   20   21   64  -31   14   85  -44  -34   24
      14   31]]]


 [[[  -6    5   73   48   -3   21  -23   23  -17   12  -16   12   -6   13  -27    0  -39   -2 -127    2  -10    7
       6  -15]]]


 [[[   3 -127  -57  -11  -43   44   11   -7   33  -26  -19  -36   -9  -42  -15 -102    4   36  -18   -5  -71   -6
      -9   -4]]]


 [[[ -11  127  -16  -47  -12   51   -3  -18   -6  -15  -77  -20  -26  -24  -15  -47  -15  -11  -31  -51    0  -15
      57   13]]]


 [[[   9  -23   -2   27  -20   50   -9  -29  127  -50  -12  -24   28  -10  -20   43  -63  -31  -30  -12  -30  -27
     -34   -4]]]


 [[[ -77   11   46 -106    3    6 -127   15   24   26   41  -36   -3  -28 -113   46  -20  -29   21   26  -25   12
      22   45]]]


 [[[ -49   84  127   80   -8    1   14  -30   -2   29   37  -19   -2  -21   -1  -58  -57   41 -105  -18   -4  -23
     -20  -18]]]


 [[[  15   16  -51   44   32   97   20    2  -63   10  -87   11   -7   32   22   27  -84   68  -60  127   10   37
      87   80]]]


 [[[ -11    2   33   -6   -6    0   -9   15  -32    8  -49   -8   28    3  -15  -21  -40  -14  -33  127   -1    1
       8    8]]]


 [[[  -3    0  -16  -24  -22   21  -26  -20  -10  -19  -19  -15    6  -20  -20    4  -12   12   13   22  -16   -4
     -15 -127]]]


 [[[  -1  -14   -1  -21  -32  -29   -8  -23   -2   -2  -35   -1   38  -32    8  -47   -1   71  -12  127  -13  -18
       4    0]]]


 [[[  19  -15   22  -41   -7  -44  117  -53  -61    6  -33 -127   42    3   15   47   71  -23 -101  -48    8    6
      -1   -3]]]


 [[[-127  -39   40   -9  -18  -10   11   12    6  -29  -46   40  -23    5  -63    7  -75  -20  -14    0  -19  -13
     -10   -9]]]


 [[[  47    3   47  -29  -16   52  -24  -27  127  -24  -51   -8  -66  -10   96   32   44  -37  -48    1  -12    2
     -19 -116]]]


 [[[  16    3  127   30  -29   19   20   -2   17   24  -16   18   39   32   27   76  -47   49   10   31    7  -26
      16   54]]]


 [[[   1   -5   18   70  -16   -5   11   -3    5   -3    3  -24 -127  -22    9   52  -14   73   21    3   -7  -17
       3   -1]]]


 [[[ -19   58  101   17    0   27  -29  -17   13   44   29   47   65   49  -15   66   24   26 -127   43   59  -32
      53   60]]]


 [[[  32  -15   82 -105   33   33  -76    6 -127   45   16  -37  -11   -8  -98  -31   31  -30    6   46  -40   12
     -26   84]]]


 [[[  -5   -3    2   -9  127    8  -17   91  -18   68   16   -2  -15   70  -20  -38   20  -42   -5    2  -11   63
      29   -4]]]


 [[[  -6  113   89    6   13   19  -54 -106   40   32  -41   94  -74   15   31  -61  106   71 -127   77   18 -101
      -8  -21]]]


 [[[   1    5  127   28   -3   -1   15   26   -2   40  -11  -49  -67    9    8   11  -17    8  -46    4  -13  -11
      35   40]]]


 [[[  45  -46  127   42  105   32   25    1   78  -16  -62   -4  -33    9    3   20   -8  -66  -17  -68 -111   47
     -13  -20]]]


 [[[   2   12   54   11  -38   37  -56  -61   -7    1  -11  -35  -28  127    3  -10   -6    3  -30  106  -44   -3
      10  -20]]]


 [[[  32  -10   33   13   49  -41   19   43   32   15   75   -3    4   13   46   18   37   34  127   33   21   38
      46   20]]]


 [[[   3   65  123  104  -54   23   10  -22  -13   25  -69  -15  -17   23   14    6  -87   76 -124   96   77   23
      41  127]]]


 [[[  19  -17  -13  -12   10  -31   -4   15   12   45  -66    8  -22    1    0  -25  -14   61    4  127  -40   -7
       0   -3]]]


 [[[  76   49   14  -43    6   13  -59   -7   49   66  -12   38   25    4  127   20  103  -10   29  -54    2  -93
       9  -51]]]


 [[[ -44    9  127   20    7   -5    1   37  -16   28  -19  -18    2   66  -19    0  -97   26  -53   29    3   -8
      36  -10]]]


 [[[ -11  -13    0   -7    7   12  -31    3  -12   20    0    0    1    8  -52   14    5  -29   -2  -13   -5    2
       2  127]]]


 [[[ -46  -36   84   -3  -60   79    6  -42   12    5   17   69  -61  -63  -95   25  -26  127   17 -122  120  -49
      51  -43]]]


 [[[ -11   -7   -1   -5   -3  -10  -26    8  -66    2   -2   -1   -5    6  -35    5  -29  -17   33   -5    2   -3
      -2  127]]]


 [[[   4    5   20   -4  -19 -107   14   67   12  -72  -36  -44  -72  -47  -44 -126 -127 -101  -41  -15 -100  -54
      62    0]]]


 [[[  56   75    7  -93   30   90  -88   31  -56   37 -127  -14  -43  -65  -66  -76  -57   54    5   20   47  -49
      31  -12]]]


 [[[ -19   13   34  -29    0   24   -1   -6   -6   21   55   25    2  -21  -21   22  -49    6 -127   26    2   -3
      30    9]]]


 [[[  49    0   54  -91  108   27    2  -16   54   96  -80    0   -7  -47   41   20  -63  127  -99  -27   -3  -38
     -59   -5]]]


 [[[  -5    8  -14  -16    9  127  125   51  -43    0  -75  -70   15   30  -38  -63  -33   74    6  -29  -14  -37
      38  -13]]]


 [[[  27   10  127  -57   13   10  -15  -41    2   44   56  -31  -13   41   49  -42   74   96    6   66   41  107
     -35   20]]]


 [[[ -11  -88   53 -112  -35  -76  -86  -80  -32    7   19   22   68   23   32  127  -89 -103  -67   36   21  -18
      -6  -26]]]


 [[[  25  -12  -74   59   95   54  -38  103  -19   91   87  -34  -32  127  -12 -122  -78 -124   -4   64    0  106
      61  -59]]]


 [[[ -30  -35  110  -87  -61   -8   -3   61   33   65  -16  -83  -71  -66   -9  127   24  -88   40   51    0  -23
      41  -53]]]


 [[[ -30   51   52  -63  -30   34  -82  122 -127   84   78  101    0  -23  -41  -65   64  -99   69  -33  -67  -28
      30  -15]]]


 [[[  -4    1   37   88  -19   48  -19   19  -22  -14 -127  -68  -37    3  -41    1  -68  -23  -33   61  -14   -1
     -24   30]]]


 [[[   7  -54   -9  -23   24  127  -54  -25  -15  -15  -97   -9   14   -1   -5    9  -20   -4  -24  -67    3   14
      65    8]]]


 [[[ -11    7  -15    4   38  127   13   26  -43  -26 -123  -40   20   -5  -16   10  -46    0  -36  -25  -50  -29
       9  -12]]]


 [[[   2  -41   -7   18  -26  -18    9   19   -5  -48  -47  -24  -47    1   10   32   -7   81  127  -37  -38  -11
     -29   17]]]


 [[[ 127   10   -6    5   -8  -24   14  -25   33  -48   -5   73  -52  -40   86  -37  -22    1  -50  -38   20   66
     -10  -42]]]


 [[[ -44   30    2  -15   11   -4    5  -54   37   14  -75    3  -52  -38   -9  -87  -70   34 -127  -38  -18  -49
      43   13]]]


 [[[   2  -23  -37    6  -21   21   -4   -3   -6    5  -38  -18  -31   -1   -4  -29  -26  -35    6    6  -41   -4
     127   -4]]]


 [[[  -5  127  -10  -28  -16   -3    5  -15   -3   -7  -53  -16  -14  -14   -3  -29   -7   25  -17  -23  -30  -11
      30   12]]]


 [[[  13  -11  127  -59  -70  -19  -14    4  -30   24  -79  -70  -77   20   23   -8  -30  -13   48   -9   -8  -17
      19  -25]]]


 [[[  -5  -57   10  -32   22  -41   -7  -76   12  -21  -30  -10  -37  -40    5  -27  -17   33  -57  -12  -63  -19
     127    3]]]


 [[[  -5    2   43  -42  -93  -43   -2  -67   -9  -59  -28   13  127  -50   -2   -2    9  -72  -25  -18    1  -20
       5   -7]]]


 [[[ -17  -26   66  -62 -117   26  -73  -38  -28 -117  -76  -53  -38  -70  111   29 -127  -43    1   -6   18 -121
     -26   85]]]


 [[[ -42   52  127  112   78    5   31   25  -31   48   20   44   23   -2  -12   18   10   32  -15    0   26   30
      44   20]]]


 [[[  50   30   64  127   40    4    0   10   28   30   -6  -13   37   33   46   40  -46   46  -29   17   11   -3
     -10   47]]]


 [[[  -9  -31  -18  -54  -23  127   43  -58  -19  -14  -89  -59  -44  -31  -26  -14   14  -55   11  -12   22  -32
      85  -14]]]


 [[[  11   41  127  -97  -21    3   -8   57   43   25   -9  -21    7   -4    4   37  -21   84  -24   54   36   22
      74   60]]]


 [[[   5  127  -20  -64   12  112    0  -18   -6   -8  -93  -17  -13  -13    1  -16  -18    4  -11  -12  -36   -2
      66   11]]]


 [[[ -42  -37   11  -60  -33   -4   70  -38  -37   62   -4  -76  -55 -127  -43  -26  -51   87    9   35   -3  -73
     -41   31]]]


 [[[  -8   14  127  -11  -18   -5  -10   22   11    5  -20  -34  -29    0   -1   23  -89   -8  -51   -4    1  -12
      27   -7]]]


 [[[ -18   26  127   -5   18  -36    9   -7   20   80   45  -78   60  -35  106   56   18   37   31   28   11  -24
     111   73]]]


 [[[ -16  -61   50 -127   -8  -20    3   -8   14  -41  -23  -29  -33  -26  -22    1  -53    3  -57  -45  -25  -44
     -20   17]]]


 [[[ -10  -15  127    4   22  -29   10   30    2   -2  -12  -12  -49    9   10   -2  -64  -22  -11  -19   -9  -17
      46  -30]]]


 [[[ -61    6  -41  -29  -12   26  -14   72 -113  -10   57  -38    8   87  -70 -102   88  -82    2  -72  127  116
      84  -10]]]


 [[[ -89  -15   12  -29   -9  -18   53   22   50    2   13  127  -30 -115   26   32   -1   -2  -18  -41  -11   31
      11   -3]]]


 [[[ -47    1   79  -53   19  -14   -2   63  -16   19   71  -16   -9   63   -8   41  -10   -5   19  -56  -27 -127
       7   56]]]


 [[[  99 -112   38  -35   37  -14  -48  -69  -22  127   27  -29   -9  -40   82   82  -41  -18   97  -40  -47   94
      53   38]]]


 [[[ -21   33  -20  -34   30 -113   18   -7  127  -49  -35  -36  -82  -30  115  -24  -65   17  -43  -19   46   -7
     -14   -3]]]


 [[[ -29  -10   66   67    3   17  -33  -12    0  -85  -22  -21  -63  -22    2  -76  127   47   16    4   40   17
      11   10]]]


 [[[  57   28  107   15  -44    8   36  -43    9  127  -45   15  -29   41   19  -57  -38   25  117   66   -2   21
      37   60]]]


 [[[  -7   15   75  127    2  -65    5   83   -3   49   26   -3   34   29  -72  -10   12    6  -92   47   27   53
       8   97]]]


 [[[  22   17   24  -63   33   14  -23  -20   44  -32   15    2   17   28   29 -127   18   74   -7   40  -20    8
      22  -16]]]


 [[[  -1   33  -10  111   30  127  -47   54   10   74    5   21   80   38  -60   43   95   18  -91   74  -35   22
      62  124]]]


 [[[  -6    1   77   71   11    8   35   -1  -15    2 -118    1  127   -8  -29  109  -28  -28   22   48  -80  -19
     -77  -25]]]


 [[[ -40   32 -104  -22   -2   61  -37  -33   12   20   46   19   25   18    9   15   -6   35  -64   49  -12  -38
      -8  127]]]


 [[[ -67  -81    4  -11   16   60  -34  -88   46 -125  -52   49 -112  -99  -88  -64  -33    4 -127  -74   -3  -90
     -18   14]]]


 [[[  82   91    2   85   28   29   40  -23   24   10   29  127   93   70  -14   83   -9   23   97   92   18   15
      46  -14]]]


 [[[  31   30  -22    3  -33    1   17   89  -33   61  -19   -4   17   11  -20  -14  -37   63  -56  127   37   21
      95   21]]]


 [[[  10  -55    1  -12  -11  -40   14  -23    9  -13  -25   -9  -11  -44    7   24   24   -3   46  -16 -127  -22
     -42    2]]]


 [[[   8   16  127  -41  -23   70  -35   -6   -8   84  -53  -42  -34  -38   25   11   14  -44   25   35  -13    7
     -26    1]]]


 [[[-101    2   -7 -127   11   13  -31   60  -27   -7  -11  -32    8   40  -10  -49  -74   -3   16  -25  -62   55
      14  -44]]]


 [[[  -9   26   20 -127  -14   18  -25   36   25   36   54  -24   34   11   -5  -12   -3    4  -51   32  -12   -8
       6   -8]]]


 [[[  19    7  107  -88  -70   10  -55    1   67  -38   12   72 -127   39   -3  -20  -51   95  -18   -3  -42   -2
      13    8]]]


 [[[ -11  -27    7  107  -14  -29   24  -47  -49    0  -16  -85   20   17 -127   -2  -81   12   38   42   48  -33
      -3  104]]]


 [[[  19  -42  127   82   75  -33   50   12   -7  106   16    2  -38   21  -17  -77   27   53  -25  -35  -64   42
      37   23]]]


 [[[ -67   78  112  -67  -52  -76  114  -84  -97    5   58   81   14  -93   23   87  -24   90  -20  -76   16  -10
      87 -127]]]


 [[[  18   18   22 -127   32  -57    3   26   65  -46   46  -27   -5   28   -4  113   -8  -56  -16  -87   82    2
      14  -26]]]


 [[[  -3   -3  127  -76   20    9    0   14   -2   43   -9  -25  -20   24   18    4  -53   64  -17   28   24   20
      51   -7]]]


 [[[   5  -76   17   44  -58  -68   83  -55  -58  -25  -78  -92   30  -50   29   28   24 -127  -25  -80   31  -44
      33   22]]]


 [[[ -26   47   76   41  -57  -11  -30  -62  -16  -47  -23   10  -94 -127   13  111  -95  122  -46  -19   19  -18
      -8   47]]]


 [[[  10  -77   -8  -26   -7   81  -25  -28  -14   -3  -70   -9    3  -26  -10  -16    5   20  -68  127   22   -7
      57   14]]]


 [[[ 127  -12    6   51  -69   38  -28  -41   42  -89  -12   17  -11  -84   43  -13  -82   24  -50  -78  -28  -52
     -35   11]]]


 [[[  -5  -31   -5  -22  -21   34   -6  -20   -3    7  -38  -23  -19   -2   -8    4  -38  -13  -34  127   22  -17
      -3    2]]]


 [[[ -14   63 -127   92   25   81   24    8  -50   -6 -104  -41   10  -10    6  -52   -8   -1  -48  113   10   -5
      21   44]]]


 [[[  14   -8   12  -12 -127  -20    3 -105   10  -91  -40    4   14 -103   23   48  -25   52   12  -31   30  -62
     -44    1]]]


 [[[ -39   24    8   10  -49  127  104  -10  -50  -33  -71  -76   -8  -76   32  105  -19  -95  -53  -82  -34  -51
      22  -35]]]


 [[[   0  127   14  -36   -5   59   -6   -7    0  -19 -106  -25   -7    2  -16  -34  -19   19  -17   33   19   -1
     -22   23]]]


 [[[ -15   39  -47   79   28   61  -23  -20   -1   10 -127    0    2   -8   -4   -5   -7  -20  -38  127   12    0
      46   -4]]]


 [[[  23  -77   24 -127   62  -75  -74   39   59  -96  -93  -16    3   30    5  -47 -100  -55  -90 -105  -15   16
    -118  126]]]


 [[[  15  -14  127   69  -57   59  -20   -4  -11 -127   -9   -6  -22   -7  -26  -81  124   68    6   -2   41   -2
      17   -6]]]


 [[[  41  -13  127   30  -21    5   38   50   51   25   34   31   56   12   85   45   13   21  -18  -19   32   45
      28   37]]]


 [[[   0   16  127  -54   31   43   39   -2   21   17   56   32   20   32   47   38   -6   40   15   78   12   34
      49  -54]]]


 [[[  17  -20  -10   65   15   -8  -59  -45   35  -50    1 -127   49  -27   70   10  -26  -76  -46  -52   25  -28
       7   20]]]


 [[[ 118  -22   63   22    6    1  102   72 -116  -12  -31  -52  -18 -127   59  -38  -84   55   36    3   -8    1
      21   36]]]


 [[[ -96  -37   -9  127  -71   12  -12  -30  -26   29  -63  -37  -37  -10   -9   22  -31  -56  -17  -19  -31  -56
      12   67]]]


 [[[  16  -16   21    9 -107  -92   26  -88   12  -55  -23   23   53  -76   -1   63   21  -72   -1  -33 -127  -60
     -40    0]]]


 [[[  -8  -12   22  127   14   65   18   10  -41  -12  -60  -58  -31   21  -23  -34  -43  -17   -2  -44    2   22
       3   -7]]]


 [[[ 127   -5  -11   21  -51   40  -50  -17   11    4   57  -58   23   -8    1  -78   23   26   71  -78  -10  -23
      10   26]]]


 [[[  27  -29  -13  -36  -17  127   28  -17   22  -63  -61  -70   37  -50   33   -1   -3   -9  -44   58  -54  -23
      14  -35]]]


 [[[  27  -82   73  -44  -24 -104  -21  -55    9  127  -61  -48  -59  -33   57 -110  -62   41   -5   97   43  -40
     -15  -18]]]


 [[[   9   -2  127    0   -5  -13    8    2  -15   23  -18  -17   -4   28   -3   14  -26    8   -5   22    8  -19
      18   21]]]


 [[[ -18   10  -27  -21  -27   14  -75  -25  -13   -9  -21  -36  -32  -55 -127  -47  -69  -31   27   22   10   29
      -4    9]]]


 [[[ -41   -2  127  -54  113   19   -9   49   -8   16  125   32  -13  -30  -66  -87  -59  -47 -102  -15   12    9
     124   85]]]


 [[[  23   -4  -30  -19   -4  -19   -5   -7   -5  127   -3  -10  -12   -5   20   37  -62   24    0  118  -23   -4
       2   -6]]]


 [[[ -48   86   13   21   14   -7   78    3  -70   14  127   -6  -11   20  -51  -16   84  -61   47   16  -12   12
     -27  -25]]]


 [[[  21  -19   72 -106   43   74  -37  -32   52    6 -124  -15   19  -19   25 -100  -12 -127    6   55   59  -38
      37    6]]]


 [[[ -12    4  127  -21  -31   26   -3  -22   19   26 -102  -48  -14   28    6  -41  -24  -26  -34   58   47  -33
      83  -17]]]


 [[[   8  127    2  -62   -4  123  -23    3    2  -28 -108   -8   -1   -9  -10  -51    2   50   -6   27  -38  -13
       7   16]]]


 [[[ -18  -14   -4  -12   10  -31   24   -9   -9   20   11  -31  -13   41  -27  -10   10  -10    2   -9    5  -15
       6  127]]]


 [[[ -85   27   83 -121  -47   83 -110   13   38  -38   31    7  -54   10  -52 -112  -15   -1 -101    2  -65   54
      17  127]]]


 [[[ -17  -18  127   48   13  -26   11   23   38   15  -41  -22  -14   18  -17    6   -2   19   48  -44  -29    8
      25  -16]]]


 [[[ -21   26  127   28  -12   13   22   33    4    6    4    5    4    0   47   74  -25  -16  -89  -22   15  -11
      49   37]]]


 [[[   6   17   63   38   -4    4   24   -2   22    5   31  -17   23   -7    3   -4  -18  -13 -127   19    8    1
     -12    3]]]


 [[[   2  -61    1   21    1   25  -29  -45   -3   10    2  -20  -29  -20  -15   12   -1   -7  -54  -40  107   -7
     127    9]]]


 [[[  13   18   37  114   -4   23    9   61   37   45   78   44   28  -35   25  -65   25   58 -127  -29   37  -28
     -27   44]]]


 [[[  -6  -64  -44  -30  -21  127   21   -6  -48  -28  -72  -50  -14  -34  -33  -24  -68   35  -33  -12   10  -36
      74  -12]]]


 [[[ -14   -1    7   49  -58    4   -4  -83   17  -54   11   -8  -16  -49    7  -34  -26  -52  -20   16  127  -80
      30    3]]]


 [[[   0   29  -33   -5  -57  -16   27  -51  -35  -88 -117  -34   44  -76   40  122  -77   19  -37  -70  127   43
     -48    5]]]


 [[[ -23   -3  127  -32   15  -25   66   41   80  -33   55   10  -13   32    7    3   26   27  -92  -49   -7   -7
      -7    3]]]


 [[[  12   12   23   20  -74   35   16 -127    7  -22  -12   25    1  -99   -7  -26   25   20    0   30  -89  -93
     -56    4]]]


 [[[  -7  -67   17   -9  -26  127   -5  -29  -20  -29  -73    1   53  -29   -3   76  -32  -75   -7  -54   17  -12
      28    1]]]


 [[[  45  -85   11  -93   12   -9  -14  -10  -20   -8  127   12    6   21    1  -14   25   -3   -5  -11   -5   40
      43  -77]]]


 [[[  17  -21  127   -1  -23  -13   26  -10   27  -33   16  -12  -29  -16  -46    1  -27   38   50  -31  -28   15
      19  -38]]]


 [[[  -6   74   96   61   20   35   22    8   12    4   -4    8   41    4   10  -30  -46   34  -66  127   19   29
      96   93]]]


 [[[ -19   46  127  -56   22  -29   19   26  -14   24   10    3   13  -32   48   43   80  -30  -37 -106  -39  -35
      11   42]]]


 [[[   1   -2  -24  127  -51  -39  -16  -39   22  -26  -32   30  -10  -38  -24   51  -26  -11  -15    4    4  -50
     -19  -27]]]


 [[[-127   -4   35   17   22   -5  -34   44  -35   -1   22   -8   -2   21   74   -8  -21   23   35    5    0 -104
      -3   10]]]


 [[[  17    6   59  -80   59  -71   17  -18  -25  -19    0  -31  -23   16  -27  -13    8  -16  127   43  -56    7
      20   34]]]


 [[[ -24  -12  127  -12  -20   20  -24   78    2   48   -2    0  -44   15   41   44    2    5  -30    6   44  -14
      19   87]]]


 [[[  -8  127   46  -28   -2  -95   21   24    6   -4  -42  -17  -28    3    8  -24   -2  -59    3    1  -11    2
       7    9]]]


 [[[  31  -10   56  -32  -24  -17   41  -45  -42  -61    1  -45  -27  -61   11  127  -15   83   35   -2  -43    7
     -24   -5]]]


 [[[ -87   40   43  127  -20  -24   11  -61   47  123  -27   15   69   -6  -38  -45  -71   25   57  -41   69   39
     113   36]]]


 [[[  83   60  114   62   10  -16    6   58   15  127   48   -9   19   34   36   25   18   67   36   36   11   28
      93   51]]]


 [[[ -66   77  114  127  -30  -26  -14  -17  -19   34  -30  -11  -33  -40  -21  -26  -31   17 -123  -61   17  -76
     -27   30]]]


 [[[  39  -36  125  -38   21   20   40   48   28   55  -27    4  -19   16   54    6   34   -3  127   10   18   21
      77   -3]]]


 [[[ -76  124  -23   20  107   20    0   36    7 -127   90  -33  -58   17    7   98  -36  -44  -10  -85   89   11
     -13   11]]]


 [[[ -10  -11  -56   31  -19  -34  -16  -62  -18   -4   34  -17  -83  -63  -13   -1  -53  127  -28    3   67  -37
      36    1]]]


 [[[ -44   39  -39  -16   48  -85   14  -21  -13   42   28  -44   30   64  -48  -79    3   -2  -50  127   22   71
      11    0]]]


 [[[  20  127   31  -55   13  104   20   33  -13    2  -85  -37    6  -48  -54  -20  -28  -70   56    0   23   -1
      26  -18]]]


 [[[ -17  -14    7  -11  -14   -6   25  -49   17  -23   19  127  -42   21   26    9  -54   40   15   22    5  -46
      17  -71]]]


 [[[  15   93   81  -61    1   72   47  109  -55   77   29   24  -12   63  -69  -11   14  -14   -7  109  -50  127
      53  -31]]]


 [[[ -23   34  127   19  -12   12  -16   16    3   32   16    9  -48   25  -16  -18  -62   27  -85  -24   -2  -11
      11    0]]]


 [[[ -31   17  -46   48   14   29  -35   45   -7   33 -127  -32  -30   39  -18  -49   22  107  -17  -57   14   14
     -11   34]]]


 [[[  60   62   31 -125   45  120  -34    6   15   -1  -26  -49   41   31   67   26   47   -4   17  127  -62   19
      28  -34]]]


 [[[ -41  -13   -7  -52    4   -4  -24    8 -127    0   70   -1   22    0  -64   -5   19    2    0  -41  -12   -5
      -2   33]]]


 [[[  -7  -21  -23   28  -54  -53   -3   64   -9  -20    4    5  -20   31  -26   40   15   97   14   31 -127   37
     -60    7]]]


 [[[ -63   45   30    1  -72  -13   12  -92  -24   66  -16   28  127  -25  -44   -6  -98 -116  -93  -71   12 -100
     -91  -67]]]


 [[[   5  105  -42   18  -54  127   46   86  -93    0  -56  -28  -12  -40  -95  -43  -57    0   10  -22  -27  -36
      -1  -12]]]


 [[[ -30   52   37   21   78  -12  -24    1   -5   45  -10    6   43   33    5   18   26  -59  -25   -7  127   31
     -43    3]]]


 [[[   5   24  127   32  -10   -1  -16   36    6   19  -27  -30  -35   15   -5  -26  -23   -2  -74   18  -30   -3
      29   37]]]


 [[[-127   49   50  -79    6   40  -48   89   -7   35  -52   40  -24   34  -48 -114    1    0  -20   -3  -12  -23
      23  -90]]]


 [[[  67  -11   45  -71   38  105  -16   12  -31   16   66   -4 -104   21    2  -46   44  -46   -5  -80  -93   44
      94  127]]]


 [[[  33  -64  -48  -64   16   21 -126  -21  -61    9 -101   -2   63  -38  -20  -12   46  -95  -68  127   17    8
      46  -25]]]


 [[[  -6   19  127   31  -61   26   58   29  122  -31   11   25  -56    0   49   92   37  -15   50  -61  -43  -65
      29   24]]]


 [[[  36   45    4 -127    2   49  -14   38  -18  -24  -27   -1   11  -24   17   -7   33   24    7   29   17    4
      22   46]]]


 [[[  20  127  -17  -66   16   95  -13  -25   14    8  -99   10  -27  -14   -1  -13  -16  -12  -12  -51  -38  -27
      49   18]]]


 [[[  -1  -44   62  -76  -18  -54    2  -37  -16    6   36  -24  -74  -51   -5   -8  -31    1  -55  -41  -38  -27
     127   23]]]


 [[[  22   71   -6  -53    9  112  -28  -51  -31  -13  -25  -52  -49  -51  -66   24   -3   -4   68  -64    3  127
      67   15]]]


 [[[   3   -5  127    9   -8  -15   21    8   10    8   -7   -9  -32  -22    1   42  -34  -27  -56  -70  -28    2
      17  -21]]]


 [[[  -5  127  -42  -31  -15  -89  -69  -35    8  -41  -71  -18  -16   28    8  -69   -1   13  -35  -23  -41   16
     -58   23]]]


 [[[  34   32  -15  -32   12  127  -28    7    5   36  -41   18  -13    7   -6  -20  -15   61   -1   35  -10  -38
     -26   29]]]


 [[[  -9  -39  127   23   38  -14  -15   47   13   42  -52  -43  -54    7   12   -2  -83  -24   -7   49  -40  -14
      39    5]]]


 [[[-122   50    7  -45  102   41   62  -88   27   -6   69   38   79   -6   58    4  -59   93   83   47   16   27
     127  -20]]]


 [[[  14  -14   28  -20    1    1   28  -12 -127  -27  -16  -31  -11    4   71   24  -10  -28  -16   12  -42   10
     -33   64]]]


 [[[ 109  -24 -112 -127   25   13  -70   -7  -21    1  -47    0   -9  -65   36    3  -76  -70    6  -19  -13    1
       4  -27]]]


 [[[ -45   24  -32   -9   15  -56   35  -89  127  -27    6  -30  -37  108   80   24   13  -26  -12   17  -16  113
     -40   33]]]


 [[[   4   16   50  -60   12   43   30   69    9   31   30  -31  -16   -9   87   19  -35   70   -3   20   26   21
     127   69]]]


 [[[  18  -24  127   15  -20  -22   -9   49  -52   92   71  -17   83  -14   43  104    9  -59  -19   -2   84   -3
     -12   76]]]


 [[[  -7   -1  127   -4   36   21   15   74   20   49  -85  -36  -16  -42   -5  -45    3   -6   95  -46  -22   15
     -22    5]]]


 [[[ 112  -51   13  -29  -63  -22    4  -16  -81  -38    2  -27  -70  -24  -43   49  -31   17    3   -7   46 -127
      -4   67]]]


 [[[-127  -41   54  -94  -68  -63  -70   49   10   44 -102  -67  -90   23  -76  -31  -85  -40   13   67  -14   20
      84 -120]]]


 [[[  15    1   43  -52    9   21  -32   -7 -121    6   -6    6   15    5    1  -22   25   56  -24   22  -38   17
     -10  127]]]


 [[[ -36   -2  -23  -21  -59   20  -13 -127  -18  -30   19    2  -63  -62   14   10   -3   72  -38  -12   25  -13
     -12  -12]]]


 [[[  -7  -44   12  -28  -79   -6    3  -81  -60  -71  -98   12  -16  -96   66  -44   23 -119  -42  -18  -55  -83
     127   -2]]]


 [[[  -5  -54   10  -11   -7   68  -21  -51   40   10  -56  -42  -82  -12    5   -1 -127  -42   19   39  -20  -61
     -79  -35]]]


 [[[ -15   13  -31 -127   19  102  -26   15   10   -2  -13   -7  -11   16  -24  -25   16   24   59   21   -1  -37
      58   48]]]


 [[[  -1   30  -32   77 -127  -42   36   -7  -23  -89   21   16  -80  -74  -57   78  -73   57  -28  -46  -83  -20
     -22  -17]]]


 [[[ -22   -7   77   19   -5  -30  -19  -35 -127  -21  -32  -12  -44   17   62  -12  -56   -6    7    4  -33   59
      11   55]]]


 [[[  92   14   -7  -11  -16  -29   33   31  -54   52 -100   77  -93  -24  -54  -94   61   14 -127  -28   81   86
     -47   23]]]


 [[[  28   31  127  -24  106   79   46   96   -9   85   50   53   24  -65   24  -35   84   82   92   14  -29   97
     -35   27]]]


 [[[  50   10  -44  -18  -25  -40  -90  -26  -31  -46    0   16  -57   50   23   16   25  -54  127  -47   56   15
      -4  -40]]]


 [[[  34   12   -4   61  -85   18   13  -43   40  -29 -127   16   81  -10 -116  120  -32  -20  -18   21    1   27
     -10   70]]]


 [[[ -83   18  126  111   43  -77   27  107    9   93  127   67   96   90    5   15   69    1  -66  -15   39   21
      57   47]]]


 [[[ -12   68  127  -41   22  -12   27   85   42   24  -27   43  -57   -5   11  -48  -35   25   -3  -66   15  -12
     -23  -48]]]


 [[[ -20   31  -12  -30   17  127   71   71   -5   17  -84  -23   -4  -34  -53   12  -27  -25    2  -22  -47  -45
      45    9]]]


 [[[  50   25  127  -43    7   54   29   33   24   64   72   34  -14   18   10    7   34   40  -66   29    7   43
      92   -9]]]


 [[[-127    1   44   80   27  -33   28  -24   -8   78   45   38   -9   21   39   69  -86  -46  -30  -24   38  -48
      87  -54]]]


 [[[  23  -16    2    6  -35  -15   17  -56   22  -26  -23   -6  -12  -70    7   32   -2    4    6  -19 -127  -19
     -87    6]]]


 [[[  56   28   55   38   11  -96   19 -101   36   16   32   82   57  -53  -20  -29  -41   31 -127  103  -12  -28
      91   26]]]


 [[[  12  -16   16  -70   52  -13  -35    0   18   23   20   20   -8    9   -6 -127   59   77   23  -15  -43   -5
      47  -43]]]


 [[[ -11    4  -76    9  -22  -42  -15  -45   -1  -47   54  -32 -124  -19  -10   56  -29  127   -6  -61    6  -28
     -28   13]]]


 [[[ -27  -18   48   37    8  -16  -21   26   40   23   -8  -32    1  -84 -110   26  -28   -1   11  -33  -20   53
      11  127]]]


 [[[  54  112  -24  127  -70   -5   -3   39  -21   51    8   38  -44   21  -16  -66   61  -96  -68   71  -91  -68
     104   59]]]


 [[[   5   -8  127   30  -23   -5   19   55   -9   47   53   18  -55   25   60   52  -64  -34 -114  -62  -29    0
      13  -17]]]


 [[[ -12   42   51   -3  -61   31  -97    0   64  121   64   -5   13   24   63  -12   66  -39 -127   43    6  -34
      68   94]]]


 [[[ 116  -71  -38 -127   -6    1  -92  -26  -24  -80   52   10   -7  -54   16   72   10   -8  113    9    6   38
      58  -35]]]


 [[[  -6    5  -13  -11   -3   22 -127  -41  -18    3  -43    9    6   -7   -3   26   34  -25   -9  -12  -12  -10
      42  -22]]]


 [[[ -18   19  -43  -26  -16  -45 -124  -67    7  -45   18  -38   25   16   22  -17  -54  -46 -127   81   83  -33
      33   62]]]


 [[[ -85   13   16 -127   15   79   20   63   -1  -10    1    9   12   -6   26  -47  -28   39  121  -62   -1  -29
      37   49]]]


 [[[ -82   -9  -57 -127  -20   13   12   -8   50  -42   38   18   22   -5   27 -106  -23    4   52  -21  -10  -25
     -41  -71]]]


 [[[  10  -60  127   -8   34   -7   14   57    9  -41    4   44  -67    9  -12   34 -103  -33  126   55  -12   16
      30 -115]]]


 [[[  -7 -121  -35   14   27   70  -30  -11  -13   16  -60   -9   -6    1   -7  -21   16  -23  -48  127    7  -13
      40    3]]]


 [[[  -4   42  127   23   42  -13  -37   59    1   17  -83  -31  -56   21  -11   25 -106   42  -54   -6  -17    6
       8  -18]]]


 [[[  10  -12   40   -4    9  -11 -127   29  -69  -10   18   42  -25  -24   15   39   -4    3  -26    3  -15   -7
       6   43]]]


 [[[ -30    5   61  -11   32  127  -45   51   73   17   94   -9   14    5   -2   81   18   -2   70  -95   15   -1
      61   36]]]


 [[[   1  -37 -127   40   16   25   64  -11    7    3  105   29   25    0  -16  -36  120   48   26   11   46   18
       8   55]]]


 [[[   8   26  -29  -39  -23   23 -115   21  -23  -19 -127  -35  -15  -10  -65  -20  -36   19  -42  -27  -46    9
       2  -34]]]


 [[[  66  -22   64   10  -20  -13   37  -29  -23  -12   25 -116   18   75 -127  -14  -79   11    2   -5   -5   -9
       1   14]]]


 [[[  28   24   20    2  -34    2  -37    5  -12   96  -65  -51 -127   -3   18  -76  -49   13  -59   96   69    0
     -20  -20]]]


 [[[  -9   16  127   19  -40  -22   30    5    9  -74   20   10   21   16   23   52  -10   38   30   29   34   -7
      39   13]]]


 [[[ -10   52   68  -17  -40   71  -94  -14  -29  -80  -36  -78  -82   46  -12  -88  -24  -40   19   62  127  -26
      91    0]]]


 [[[ -15   27  -13  127  -31   40   -7   21  -31   12  -44  -63   42   -1  -29   48   12   55  -41  -25   29   24
       4    0]]]


 [[[   0   -4  -14   -1 -127   11  -14  -52  -43   34  -35   14  113  -57    5 -103  -64   73  -55   26  -23  -34
      -7   20]]]


 [[[  -1  122  -16  -40    9  127   -2  -18    0   -1 -101  -28    7    1    0  -18  -26   14  -35  -29  -17  -13
      51   16]]]


 [[[   0   -5   -2   -3    3   -6   -4    2    2   15  -19    4   -5    0  -22   -2    1    8  -10   -4   -4   -5
      -3  127]]]


 [[[   6  127   34   39   33  -21   44  -19    7   29   14  -45  -28    9  -23  -12   11   60   24  -30  -10  -59
     -33   58]]]


 [[[ -26  127  -14  -38   21  -25  -57    7  -77   -9  -80  -29  -35   32   -4  -49  -17  -28  -11   93    2   27
      40  -21]]]


 [[[  29  -74   20  -79    5  -36   -3   35    2   11   86   59   -7   57   59   40   47  -60  127   -4   27   18
      26  -44]]]


 [[[ -76   -4   78  -39  -12   -9  -39 -113  -87   11   25  -45  -75   44   48   61   17    9  -58  -76  -25  127
     -11   19]]]


 [[[ -13  -28  -26  -14  -20  -24  -50  -58  -10  -57  -59  -54  -57  -59  -23  127  -69  -13  -51  -31   71  -19
      26   -9]]]


 [[[-127  -11   24    5   -7   14  -35   42   55    5    8  -63   21  -22  -19  -35  -48  -22   41   11  -33   76
      14   -1]]]


 [[[ -13  -30  -17  -66  -10  -14  -16  -12  -37  102   36    5   -1   -6  -32  -33    1  -17  -41  127   12   -6
     -20  -12]]]


 [[[  -4   33  127   19  -43   46    0  -26   -4   24  -18  -26  -26    8  -18   55  -50   16   -5   34    3   13
      -1   15]]]


 [[[ -51   43   28   52  -11  127  -32   -5  -39   17  -92   15   29  -12  -48   12    4    2  -10   59  -10   -9
      29   14]]]


 [[[ -26 -117  -64   29   -1   38  -26  -31  -22  -41 -127  -37   -2  -10  -19  -13    1   33  -73    2   -8  -38
     -72   42]]]


 [[[  26  -55   69  -29   25  -74  -43  127    1   14  -90  -42  -59   38   15 -116 -103  109  -58  -14  -31   18
      -1  -63]]]


 [[[ -35   23    2 -127   40   49   -4   53  -75   15   47   -6   69   40   45   11   -6   54   33   12   -1   48
     -47  -39]]]


 [[[   6  -48   73 -127   23    7    8    5    2  -13   27    1   -2    5  -21  -31  -20  -30  -27   50  -26   10
      -6  -57]]]


 [[[  -4  -43   47  -22  -33  -38  -20    0   -9  -37  -56  -13   94  -22   -1  -42   -7  -55  -33  127    6    2
      38   15]]]


 [[[  11  -30    2 -127   32    9   14   12    7  -25   24    3    4   -6    8   -4   -2    7    8   10  -24   12
       2  -39]]]


 [[[  16  -17   52   22    8   10 -122   32  -25  -21  -11   36   26  -77   19   61  -29    3   11   65   14  -35
      33  127]]]


 [[[   7    7   30  -31  -20   -4  -27  -73   19   13  -36  -37  -40  -47   37 -127  -33   27    3    6   57  -25
      -7   14]]]


 [[[  58   -6   68   96  -58   -6   20   62 -127   88   -6    8   43   27  -16   40   55   23  -64  -49   40   11
      75   32]]]


 [[[   4  -27  -22  -60   18   34    9  -11    4   26    0   -8   45  -37   18  112  -80  -30   57  -71 -127   16
     -27   25]]]


 [[[ -42  -10    6  -55    8   27   18   40   12   12  -18  -57   18   35 -127  -11  -20   -3   -2    7    5  -48
     -11   41]]]


 [[[  -3   11   68  -19 -125   -6   37 -127  -10  -59  -17   11   35  -97    7   80   -7   82  -11  -59   27  -78
      23    2]]]


 [[[   1  -25   25  -20  -12    8  -30    5  -19  -75 -104  -37   14  -23  -31  -54  -19   95  -26  127   -6  -27
      12  -15]]]


 [[[  41  -23   78 -127   38  -18   15   30   10   63    8   -9    9   87   55  -28  -71   94   16   36  -24   32
      77    4]]]


 [[[ -35   71  111   46  -34   27   -9  -38  -11  -64   -6   26  -27   35  -22    7  -43  -15 -127   12    0  -22
       8   37]]]


 [[[  57   49  127   15   80   22   72   77   27   40   39   12   17    9   16   67   30  -22  105  -80  -63   13
      84   52]]]


 [[[  33   30  -63  -71   47   46   27    4  -96  -17  -67   11   13  108  -91 -127  -23   18   -2   15  -24   -5
      32   30]]]


 [[[ -61   37   49  -40  -21   21  -95  -22   86  -15  127   88  -22   62  -60 -102 -103   90  -20  -28  -44  -27
      -3   19]]]


 [[[   1  -25  -10   -6 -127    7    1  -16    3   -9  -42  -10   33  -18   36  -86  -56   95    2   66  -13  -24
     -16   -8]]]


 [[[  10    5   38  127  -27   25  -14  -42   27  -33  -28    8  -53  -33   19   21   18  -51   39   12   -4  -30
     -17  -29]]]


 [[[-115  -14   70 -127   19  -11  -41   54   -5   45  112  -46  -59   -9  -39   25   10  -34   79  -61  -36   -2
      31   81]]]


 [[[  21  127    0  -54   16  -50  -48  -26   -3  -14  -58  -33   10   51  -35  -33   -1    5    8  -38  -21   15
      36    0]]]


 [[[ -23  -20  -41    9  -85   26 -127 -105   24  -68    5   71  -42  -82  -34   45  -35  -10  -13  -43   24  -65
      33   30]]]


 [[[ -16   13  127   -7   -6   -2   15    4   -7   22  -10   -8  -23   20   -8   19  -38    1  -14  -16   21  -19
      24   21]]]


 [[[ -42   -5    8 -109   -5   14   18   42   47  -43    8  -27    0  -10    4  -89    7  127  -60  -39    2    1
      54  -20]]]


 [[[ 105    6   23   -5  -10   40  -32   18  127  -32   41    1   21  -40  -28    6  -13  -20    0  -26  -36 -102
       6  -29]]]


 [[[  17   10  103  -89  -12  127   67   64   53   38   36   -8   23   57   31  -46  -28   35  -55   44  -45    0
      15   59]]]


 [[[ -22   38    2   14  -22  -30  -29  -24   73  -29   55   56   11    0    4   81   -2  -61 -127   16   11   41
      25 -107]]]


 [[[  11   20  127    2  -29   10   22   -3   -1  -21  -33    9   11   26  -26   25 -115   16  -24   38    3   -5
      22   39]]]


 [[[  47   43  -48   60   -1  -37    6   26  -12   15   43   53   35   16  -15   43   40  -46  127   36   16   47
      34   29]]]


 [[[  17  -26  -75   39  -22  -51    2   16  -27  -10  -37  -22  -61   19  -19    8   -9  -39  -24  -21  -48   -3
     127    2]]]


 [[[-127  -13   14  -43  -22    4  -64  -46  -29   10  -11   -6  -37   39   36   -7  -30  -27   67   47  -47  -31
      32   47]]]


 [[[ -61   50   16  -91    0    9  123   -5  -27  -14   51 -127   23  -82   61   12    1  -86   20  -50  -51  -38
       8   34]]]


 [[[ -18  -54   24 -127   -5  -17  -12    1   14  -31  -39  -12  -26  -12   -8  -41  -29  -47  -43  -36  -21  -19
     -31    7]]]


 [[[ -17  -18   58  -72   16 -107   13   38  -12  -89  -34  -14 -117  -14   -6 -127   69   27  -33  -54  -38    9
       4  -19]]]


 [[[ -29    4   66  125  -61  -49  -26  -70   14  -31  -24  -13   22  -25   -2 -127   63    3    9   15  124  -54
      11    7]]]


 [[[  15    0  103  -13  -38    6 -108  -48  -19   -3  -56  -71  -32   -5  -92  -21  -96    4   41    4   39   25
      28  127]]]


 [[[  56  -85   85  -86   17  -65    9   32   23   39   81   31  -56   38   66   42   27   -9  127   26  -10    9
      40  -71]]]


 [[[ -32   40  -51  127  -29  -24  -30   13  -24  -25  -90  -15   -7   28  -20  -42  -23  -85  -41  -40   25   -4
      17  -11]]]


 [[[ -22   57 -127    5   43   62  -20   31  -51   50   17   -8   -6   13  -47   -3   26  -25    1   79   32  -31
     -27  -44]]]


 [[[ 127   -9   36   19  -58  -62  -39  -60  106  -79   10  -19   -4 -119  -55   -4   -1   -2   -5  -34   31  -36
      -1  -15]]]


 [[[-127   48  -17  -49   61  -45   13  -53   47  -47   36  -16  -22  -26   -9  -52    1  -44  -32  -62  -64 -123
     -74  -18]]]


 [[[  52    7   51   20  -84   19   -3 -127   12  -54  -44    6  -15  -91   36   32  -23   29  -19   -6   -2  -55
     -31    0]]]


 [[[  -7  -48   50   20   43  -89   13  -61  -15    5  -13  -55  -76  127    0  -87  -64   80  -14   -4  -38   48
     -32   27]]]


 [[[ -15    3   50  -12 -102  -22   23 -127   14  -58  -79   -8   68  -87   20  -59  -50  -54  -61  -24   20  -83
     -38   -3]]]


 [[[  48  127   10  -70   -9   65  -33   94   24  108   -2  -26   18  -13   37    4  -38    7  -44   16   69   16
      37   68]]]


 [[[   5  107    7  100    8   36  -39  -11   16   14   15   43   23   16  -16   42   40   55 -127   35   41  -22
      30   82]]]


 [[[  -5   56   55 -109   25 -127   29   41   26   -4   61  -16  -73   10    2  -20   11  -32   19  -96  -46  -11
     -29    2]]]


 [[[  15   37   -6    4  -12  127  -24   -4  -37  -21  -99    5   -9   -8  -18   -7  -32   35    4  -37  -44  -19
      30   -2]]]


 [[[  -4   62  127   -4   -7    5   -6  -55  -14  -41  -10   11  -12   33  -44  -12  -11   28 -100   13   49  -76
      -1   51]]]


 [[[  66   21   64  -13   46   42   89  100  -21   82   45  -15   98    3  -70   30   50  -20 -127   60   23  109
     123   69]]]


 [[[  26  127  -43 -108   58   35  -45  -21   11   35  -96   28    2    1   37  -10  -25    7  -34  -60  -44   36
      61   10]]]


 [[[ -30   27  -33  -38  -20   -2  111   27    5  -24   62  -99 -127   66  -21   93  -50 -120   83  -29   27   19
      23  -96]]]


 [[[ -44   23  109 -127   52  -42  -23    6   -8    1   29   79  -71   51   22  -83    8   28   58   74  -20  -80
      79  -22]]]


 [[[  23  -11    2  -63   17  -20  -77  -49  115    7   -3  -24  -28  127    1   55   69   65  -53  -60  -27   -6
     -17    5]]]


 [[[ -75   19   82  -79   48   47 -127   59   29   10  -69  -60  -35  -55  -23  -29   52  124   23  -90  -79  -89
     -70   12]]]


 [[[ -32   24   17  -38   -6   -5  -25    8  -70   17   41  -33  -11  -32 -127   -1   21  -16   69   -4   13    7
      15  -29]]]


 [[[  -7   21  127   12   -5  -12  -32  -25   -9   27  -21  -21  -14    4  -47  -27  -31   15   11  -17  -22  -23
      48   13]]]


 [[[   1   30  127   13   16  -26   41   18   13  -49   28   12  -22   -2    3    0  -65    9   51   19   11   23
      52  -65]]]


 [[[ -52  -37   13  122  -59  -47  -54  -74   61  -75   -6  -13   43  -51   30  -72  -40  127   12   13   20  -88
      12    6]]]


 [[[   7   58   19   65  -21   43  -11   -5  -14   27    7   38   40   -3  -45   64  -22  -50 -127  -59   -7  -38
     -24   11]]]


 [[[ -20  -59    9   43  -36    3  -34  -10   55    4 -127    1  -66  -16   31  -25  -72  -72  -31   18  -15  -39
     -15  -94]]]


 [[[  61  -26  127    4  -48   48    3  121   26   -4  -59  -17  -31   60   29  -43  -71  107  -64   36  -30   66
     -37    5]]]


 [[[   2  -15    2  -20  -30    6    8  -14  -21   10  -26  -39 -127  -34   -2   48   17   -7   56   36   10  -47
      -3   -8]]]


 [[[  12   46  127  -30   11   16    7   23   11   -8   60   15   13  -15    2   18  -79   33   55    4  -23   15
      41  -96]]]


 [[[ -35   32  127   22  -11    0   18   13   18    3   24   -2    1  -12  -21   30  -46   10 -112   -9    3   -9
      22   16]]]


 [[[  -3   30  127  -75   54   35   25   73   27   73  -91   11   68   52    2  -45  -20   66  -80   91   30   47
      16   94]]]


 [[[  17   -7    7   29  -30   90  127   10  -63   10  -66   50   -8  -49  -38   38  -21  -56  -45  -54   -1  -16
       0  -16]]]


 [[[ -36  -29  127   -4    2  -32    2    2   29  -44    9    3   -3   19  -14    0 -116    5  102   21   22    1
      74  -60]]]


 [[[ -49  -55  -31  -20   13   38  102   -3  -23   10   32 -104  -14   -3    5   37  -36 -127  -54  -23  -17   -4
     -48  -45]]]


 [[[  -1    6   72  -11   37   -9  -14  127   44   -7  -47   -1   29   25   56  -33   -8   35   17  -45   36  -40
     -49  -84]]]


 [[[   4  -16    9  -64   -9  -14   25   12   20    7  -29 -127  -13 -102  104    3  114   65  -65   -5    1  -19
     -21   -8]]]


 [[[  50   46    6  -13  -39   -7  -65  -32  -75  126  -19   -9  -33   26  -16   50  -68  -54   51    2  127  -13
     118  -39]]]


 [[[  11   -5   81   54  -40  -11  -14   20  -11   64    7   30  -78    0  -30   78  -25 -127   56  -53   -9   47
      52  -23]]]


 [[[  15   20   18 -127   17   46  -41   30  -40   51   56    1  -36   27    8   37   38    4   41   21    0    3
      10   63]]]


 [[[ -43    9   28   48  -21  -12  -18    1  -17  -13   35  -22   -2   11  -25   -1  -43   41   15  -23   -5  -59
      11  127]]]


 [[[  64  -29   43 -117 -127   -2   -2 -100   63  -44  -60  -68 -102  -85   -4   77  120    0  -46   15   41  -64
     -11    1]]]


 [[[ -23   29   17   81  -18   42   15   34   47   32   64   12   32  -43   38  -14  -72   37 -127   17   16  -23
      26   49]]]


 [[[ -97  -45  -23   23    0   -3  -63    1  -70   46  -27   -2    9   23  -36  -31   17  -40   -6  127   36   26
      21   -7]]]


 [[[  27   -2  -57   28  -70  -52   17  -18  -14   10    8  -12  -32  -31   14  127 -110  -14  -25   14  -56  -19
     -37  -28]]]


 [[[   0   11   -5   11  -12   43   20  -20  -37    6   -6   15  -53  -11  -48  104  -83  -82  -16  -11 -127    5
     -27   -8]]]


 [[[ -75    1  102   64  -49  -30   76   15   15   -7   60   84  -51   -3   47   54  -16  -26 -127  -94    4  -75
     -22  -11]]]


 [[[   8   10 -127   77  -34  -51   -1  -18  -29  -50    2  -10  -33  -15  -15   78  -87   42  -30   -3  -40   -9
     -46   11]]]


 [[[   3   -2  127   -1    3  -17   -6    8  -15    1  -18  -27  -43    2   -3  -15  -33   -2  -11    1  -29    2
       9  -18]]]


 [[[  24 -105   18  -80  -44  -59   -5  -49  -19   10    8    2    6  -89  -42  -77  -87  -65  -28   16  -75  -59
    -127   -4]]]


 [[[ -17  -16   78  -15   18   75   45    0   31   -9  -32  -71  -45   40  127  -28  -29  -27  -28  -11   -4   61
      39  -81]]]


 [[[   1  127   -6  -20    6   63  -16   -4    0   11  -81   -8  -40    9  -10  -47   -7  -52  -24  -72   -6    2
      42   33]]]


 [[[  21   39   16 -127   33   24  -16   22   15   18   39   28   33   35    8  -32   63    6  -56   19   33    3
      13  -43]]]


 [[[  -7  -53   -6  -35   -6   23  104   27  127    3   15  -25    3  -16  -90  -13   16   57  -29    7  -29   -1
       6  -88]]]


 [[[ -23   73  -17   -4   16   31   16  103  -35   66  127  -61    5   13    3  -24   13  -74   12  -81  -57  -47
     109   69]]]


 [[[  73    8    8   48   -3  -32  -95   -8   14  -21   89 -127   16   25   74  -43  -32   81   21  -50  -56  -71
      -5   -1]]]


 [[[ -30   26    0  -31   -6   23   46   31    1   30    2    4   27   12   32    6 -127   87   23   23  -12   12
      74   11]]]


 [[[  23  -32   -1  100  -22  -15  -45 -127  -11   93   43  -26    1  -20  -13    9   67  101   60   24   34  -32
      93   20]]]


 [[[   9   -8  127 -105   43   -4   17   13   32  -20   79   62   -8   28   65   -8  -46  -13   49   -9   26  -16
      69  -75]]]


 [[[ 108   73   34   -1  -86   86  -78   93  -51   87   88    5   65  113    9  -36   69   88   24  127   -7   86
      75  106]]]


 [[[  45   56  112  -29   30   24   46   28    0   87    6   15   42  -12 -127   63  -15   57    9    4  -51   -2
      63   45]]]


 [[[ -40   -8    2   24 -105   22  -20   -2   39  -11  -45  -68  107    8  -80 -102   15  127  -97    5  -78  -10
      12   82]]]


 [[[  -7  -44  -52  -31  -73  -16  -20  -49  -14  -48   -5   15   -9  -43   -2   74  -83   12  -14  -47   84   40
     127   38]]]


 [[[  25   56  -12   67  -68  -79   63  -23    8  -50 -111   -4    1    9  -42 -126   32   88   46  -89   76  -19
     127  -35]]]


 [[[  36 -110  -56   36  -30  -48  -28 -101    4  -22  -49  114 -127  -52 -104  -23   21   27  -53  -28   17  -29
      54   78]]]


 [[[-108  -28   33  -39   -6   28   72   11 -127    3    1  -12  -24    2   50  -22  -20  -14   10    5  -13  -41
      -7   57]]]


 [[[ -70  -33   64   -9  -70    9  -53   35    6  -62  -26   -8   72   44  -73  -93  -41   77  -82   41 -127   35
     -59   18]]]


 [[[ -29   -9  -13   30   68  -66    7   25  -17  -91   22   -1 -109   -6  -28  127    8  -50  -37  -63   10  -18
      26  -12]]]


 [[[  61   -7  127    8    2  -17   -6    7   19   66   14   46   -6  -16   25   25   18    0  -27   -1   21   45
      13  -14]]]


 [[[   7 -127   -7  -56    1  -81    7   -4    6   -1   74   23   -6  -11   10  -11   12   -3    0  -71   -5   -3
      -3   12]]]


 [[[-126  -36   44    2  -21   38  -87   24   59   -3  -22   73  -44   -8  127   80   46   25  -54  -50  -36  -58
       8  -20]]]


 [[[ -21   39  127  -30   28  -47   21   15   -5   13   21   10  -23   -9    1  -13  -14  -35  -25   16  -19  -15
      56   24]]]


 [[[ -11   -3  108  -20   33  -12   14   68  -19  127  -28  -48    5   48   31   -9    7   50    6  108   47   48
      51  120]]]


 [[[ -26  -32  -13  127  -50  -17   -2  -23  -13   -5  -75   -5  -22    0  -11   28  -11  -27  -25  -15    9  -23
       5   -1]]]


 [[[  19  -37   75 -127    9   24   36   -1   20   -3   51   10  -25   -3    8   36   21   45   -5   31  -38    4
      17   68]]]


 [[[  -1  -22  127   20   -3  -28  -34    3   26   31    6   -9  -61  -11  -20  -48   -5    9   47  -23  -43    6
       8  -26]]]


 [[[  75   27  127  118   71  -24    9   67   48   57   17    3   41   26  -61   78    2   17  -67   -8   33   80
      75   77]]]


 [[[  13  -42   93 -127    3  -15   24    5   24   30   97   21   60   41   71   43  -48   13   79   70   13   37
      53  -37]]]


 [[[ -22  -12  127   -4   11  -26  -24   46   -3   31    4  -20  -45   38    6  -36  -41   -8   -5   20  -17   -2
      26   -1]]]


 [[[  22    8   45 -106   32   71  -59  -48    7   26  -54   19   21  -50   19   70  -42 -127  -27   79  -15  -21
       2   19]]]


 [[[   9    3    9 -103  -47   63   54  -21  -63    1  -94  -72  -37   10   41  114 -100 -127   60   28   42    6
      23  -42]]]


 [[[  -5   -4  127  -33   -3  -22   -7   41   18   13   -5  -12  -27   -3   -5   15  -23   15  -10   28    2   29
      43   33]]]


 [[[   2   41  127   -6   34   -6    1  -18    9  -66   73   22   13   18  -47   16  -67    8  -84   -1    4   32
     -17  -34]]]


 [[[  15   -6  -54   15   73   33    7  127  -28   10  -58   33  -23   67  -12  -40  -19   10  -42   17    9   71
      24   35]]]


 [[[  36  -14   78  -73  -48   61   47   41   83   57   64   78  -57  -23 -104   18 -127    5   42 -123  -97   -1
      65   75]]]


 [[[ -10    9  -38   53   52    8   18  -29  -39  -99   28  -46  -63  -35  -10  127   38  -82   37  -27 -100   18
      -2  -24]]]


 [[[ 106   43  113  -29  -51   22  -64   42  -22  127    2   -4   43   15    4    4    4   33   -5   92   76   26
      13   50]]]


 [[[  30   -9   17  -22    0  -42   31  -14  -16  -20  -29  127  -20   59  -46   27  -32   -3  -14    3   -3  -38
      -8   17]]]


 [[[ -13  -26  -74 -127   62   -3  -41  -79  -29  -14  -61    4  -20   12  -17  -41  -36   93  -58   47  -18   -7
     -37   14]]]


 [[[  31  -49  -52  -12   42   80    2   13   15  110   23   70  -41   -4  127  -57   43  -33  121   30   42    4
      20  -49]]]


 [[[   5  -52  123   27    0    2   -9    3   -5   80  -36  -12  -21  -30   18  -12  116  -41  127  -56  -74   86
     -13  -28]]]


 [[[ -22  -69  -57 -127   25 -123  124   78  -60   73   76   47    1   18  -94  -61  -13   13   56 -109  -40   34
      21   26]]]


 [[[  27   18    0  -49  -52   47  -29  -70  -52   -5  -80  -48  -97   15   32  -67  -27  -42  -53   38  -16   19
     127   13]]]


 [[[ 108   50  120  -59   75  -61 -127  -71   57  116 -113  -34   76  -31   82    1   93   59   84  -39   -1  -12
      -9    4]]]


 [[[ -36   19  -28   18   22   34    1   -8   -4   30   -9  -38   33  -23   35 -127  -66    8  -67    8   16  -10
      18    7]]]]

=== BIAS ===
name    : build_efficientnetv2_b0_full_bnless/block4b_se_expand/Relu6;build_efficientnetv2_b0_full_bnless/block4b_se_expand/add;build_efficientnetv2_b0_full_bnless/block4b_se_expand/BiasAdd/ReadVariableOp;build_efficientnetv2_b0_full_bnless/block4b_se_expand/BiasAdd;build_efficientnetv2_b0_full_bnless/block4c_se_expand/Conv2D;build_efficientnetv2_b0_full_bnless/block4b_se_expand/Conv2D;build_efficientnetv2_b0_full_bnless/block1a_project_activation/add/y
index   : 156
shape   : [384]
dtype   : <class 'numpy.int32'>
quant   : {'scales': [3.162783104926348e-05, 2.3716367650195025e-05, 2.156246773665771e-05, 0.00016173950280062854, 3.7117373722139746e-05, 3.056754940189421e-05, 9.645234968047589e-05, 2.4933498934842646e-05, 2.8918391762999818e-05, 4.023572910227813e-05, 0.00013403859338723123, 0.0001553214096929878, 1.799745950847864e-05, 0.0001317575661232695, 0.00010269732592860237, 4.536959750112146e-05, 2.7200683689443395e-05, 4.2301671783206984e-05, 0.00014589226339012384, 9.234548633685336e-05, 7.506520341848955e-05, 7.666389137739316e-05, 8.566405449528247e-05, 0.000255706487223506, 0.00016029173275455832, 9.79614706011489e-05, 4.9498339649289846e-05, 3.3554759284015745e-05, 0.00027051393408328295, 0.000109065804281272, 0.00031960633350536227, 0.0001734097459120676, 9.437226981390268e-05, 7.223274587886408e-05, 3.700700108311139e-05, 0.0002326896646991372, 3.042528078367468e-05, 0.00012015951506327838, 0.0005165174952708185, 1.817387601477094e-05, 6.545947690028697e-05, 0.00011947307939408347, 0.0001324979675700888, 2.987863808812108e-05, 2.3843869712436572e-05, 0.0001860377233242616, 3.459904110059142e-05, 4.99883753946051e-05, 0.0003016785194631666, 4.863762660534121e-05, 0.00022904545767232776, 6.113203562563285e-05, 4.635943696484901e-05, 0.00019718726980499923, 4.555556006380357e-05, 0.00011430445738369599, 3.4673288610065356e-05, 4.331966920290142e-05, 5.267369851935655e-05, 3.283723344793543e-05, 3.664976611617021e-05, 9.714638872537762e-05, 0.00027113320538774133, 0.00011008713772753254, 0.00015705071564298123, 0.00010823731281561777, 6.668165588052943e-05, 0.00017438712529838085, 0.0004081938532181084, 3.396074316697195e-05, 0.00015965769125614315, 0.0002016712969634682, 7.45488068787381e-05, 4.7187051677610725e-05, 4.873642683378421e-05, 0.00013324549945537, 4.135025301366113e-05, 0.0002258709428133443, 9.065923222806305e-05, 5.453987614600919e-05, 2.5006431314977817e-05, 5.3014511649962515e-05, 7.110535079846159e-05, 6.979514728300273e-05, 0.0001842128112912178, 0.0001262187579413876, 3.071540777455084e-05, 0.00016672880155965686, 0.0001354396081296727, 2.2093101506470703e-05, 2.41013531194767e-05, 6.465811748057604e-05, 3.05619505525101e-05, 0.00012551830150187016, 6.354781362460926e-05, 5.141739165992476e-05, 1.9940571291954257e-05, 2.3390619389829226e-05, 0.0001590162282809615, 5.770946518168785e-05, 0.00013838859740644693, 9.393529762746766e-05, 0.00011854067270178348, 0.0001104891998693347, 2.4748400392127223e-05, 2.220312126155477e-05, 4.195902874926105e-05, 5.237897130427882e-05, 0.00013937508629169315, 6.836604734417051e-05, 0.00019332434749230742, 0.00011372563312761486, 0.00018880557036027312, 4.7434168664040044e-05, 0.0002538131666369736, 0.00011810346768470481, 0.00015514055849052966, 9.930384840117767e-05, 7.19532254152e-05, 0.00013732435763813555, 4.180373070994392e-05, 3.2610372727504e-05, 0.00015156297013163567, 0.00011723022180376574, 0.00011134868691442534, 0.00019307398179080337, 0.00012641437933780253, 5.942811549175531e-05, 0.00011931496555916965, 0.00010512908193049952, 5.615489135379903e-05, 6.575198494829237e-05, 2.9896997148171067e-05, 0.00025137592456303537, 6.457549170590937e-05, 0.00010473475413164124, 4.626298323273659e-05, 0.00023667099594604224, 0.00022876464936416596, 6.861044676043093e-05, 6.338053935905918e-05, 4.893496588920243e-05, 0.00022238238307181746, 0.0002108973276335746, 4.245847594575025e-05, 0.00012036557745886967, 0.0001856035232776776, 0.00010016920714406297, 4.8873680498218164e-05, 0.00024778262013569474, 0.00021719129290431738, 8.53220044518821e-05, 6.680142541881651e-05, 2.585837137303315e-05, 4.227026511216536e-05, 0.00015699389041401446, 0.0001758172147674486, 5.572554073296487e-05, 3.639622809714638e-05, 0.00026279178564436734, 7.359868322964758e-05, 3.817136894213036e-05, 2.6040050215669908e-05, 3.816039679804817e-05, 2.5080029445234686e-05, 0.00010490872955415398, 0.00016329492791555822, 7.667319005122408e-05, 0.00011943577555939555, 0.000110752007458359, 5.479353785631247e-05, 4.1487321141175926e-05, 0.00012613646686077118, 9.416923421667889e-05, 0.00016631733160465956, 0.00014535408990923315, 7.699286652496085e-05, 8.512038766639307e-05, 0.00016284761659335345, 6.326180300675333e-05, 7.897364412201568e-05, 4.2743053199956194e-05, 0.0001082696981029585, 4.348175207269378e-05, 4.8368190618930385e-05, 0.0001810510002542287, 0.00014739049947820604, 0.00010014468716690317, 0.00011527742026373744, 0.00014679586456622928, 0.00011413049651309848, 5.1000948587898165e-05, 2.2194146367837675e-05, 0.00013899174518883228, 0.00010920778004219756, 9.143937495537102e-05, 2.45486298808828e-05, 2.5984814783441834e-05, 5.0995167839573696e-05, 0.00010165995627176017, 5.88128314120695e-05, 0.00018673356680665165, 0.00017417279013898224, 8.078530663624406e-05, 4.065031680511311e-05, 5.561727084568702e-05, 9.570066322339699e-05, 0.00014824781101197004, 9.855905955191702e-05, 5.18692031619139e-05, 2.914419019361958e-05, 2.469022001605481e-05, 2.4169517928385176e-05, 6.664969259873033e-05, 0.0001629904581932351, 3.730725438799709e-05, 2.6987587261828594e-05, 0.00016296816465910524, 2.1450901840580627e-05, 5.475870057125576e-05, 0.00012571380648296326, 0.00017168295744340867, 2.443102675897535e-05, 3.8604419387411326e-05, 1.9638800949906e-05, 2.7976659112027846e-05, 0.0001733510580379516, 7.450434350175783e-05, 3.664098403532989e-05, 6.277787178987637e-05, 3.361251947353594e-05, 0.00026011394220404327, 5.510908886208199e-05, 0.00017244444461539388, 4.302303568692878e-05, 3.387623655726202e-05, 5.179402796784416e-05, 0.0001247334439540282, 8.187646744772792e-05, 4.5003791456110775e-05, 3.4416993003105745e-05, 5.287067688186653e-05, 0.00015009868366178125, 0.0001692113291937858, 0.0004109966685064137, 6.117480370448902e-05, 0.0001464732486056164, 3.2003117667045444e-05, 0.00012093415716663003, 0.00011040509707527235, 0.00017884820408653468, 0.00020463029795791954, 4.226297460263595e-05, 0.00012783784768544137, 8.012918988242745e-05, 4.217272362438962e-05, 7.71814666222781e-05, 7.359425944741815e-05, 0.00017567825852893293, 0.00016825298371259123, 0.00014529345207847655, 9.331376350019127e-05, 2.254070022900123e-05, 0.00013356753333937377, 0.0001699303975328803, 0.00012038596469210461, 0.00019346733461134136, 3.1662195397075266e-05, 4.29153697041329e-05, 2.4406303055002354e-05, 8.727102249395102e-05, 5.601107477559708e-05, 0.0001425001973984763, 0.00020041182870045304, 5.484089342644438e-05, 0.00019150851585436612, 7.869142427807674e-05, 5.871524990652688e-05, 7.37427399144508e-05, 0.00015927893400657922, 2.4124139599734917e-05, 3.4580123610794544e-05, 4.008510586572811e-05, 2.3676893761148676e-05, 0.00018186282250098884, 5.0092417950509116e-05, 4.9424175813328475e-05, 6.630036659771577e-05, 7.736607221886516e-05, 0.00016612408217042685, 4.534757317742333e-05, 2.6679523216444068e-05, 0.0001800921163521707, 6.479021249106154e-05, 8.673948468640447e-05, 6.33239615126513e-05, 0.00018845278827939183, 4.1256000258727e-05, 0.0001103854738175869, 5.975918611511588e-05, 5.47068593732547e-05, 0.00018481929146219045, 0.0001469311537221074, 2.989303902722895e-05, 2.502893221389968e-05, 9.085377678275108e-05, 6.86479834257625e-05, 2.516822496545501e-05, 0.00012574499123729765, 6.095616117818281e-05, 0.00015785831783432513, 6.675662734778598e-05, 4.9382819270249456e-05, 9.714988118503243e-05, 4.004715447081253e-05, 3.6838788219029084e-05, 9.379580296808854e-05, 0.0001440143823856488, 4.464889570954256e-05, 5.910088657401502e-05, 5.161893932381645e-05, 0.00017916460637934506, 3.305903737782501e-05, 4.852664642385207e-05, 3.7862788303755224e-05, 0.00014957782696001232, 2.873487028409727e-05, 6.541913171531633e-05, 9.048027277458459e-05, 0.0001673054212005809, 0.00014450066373683512, 6.0565762396436185e-05, 0.0001328177168034017, 0.00014992963406257331, 0.0001035904060699977, 5.154416066943668e-05, 0.00014387269038707018, 8.155905379680917e-05, 5.0382353947497904e-05, 3.1578823836753145e-05, 0.0002108422777382657, 8.669021190144122e-05, 0.00014762941282242537, 1.5592962881783023e-05, 0.00013595080235973, 5.8153847930952907e-05, 2.3304217393160798e-05, 2.97100286843488e-05, 1.6849466192070395e-05, 3.2800115150166675e-05, 8.74923644005321e-05, 0.00014074741920921952, 7.267834735102952e-05, 7.203124550869688e-05, 0.00016449012036900967, 3.4618500649230555e-05, 0.00014168400957714766, 5.372170562623069e-05, 0.00030576344579458237, 0.00012063173926435411, 8.169683860614896e-05, 2.493702959327493e-05, 0.00018244322563987225, 0.00010922003275481984, 0.00010700129496399313, 2.4958979338407516e-05, 3.064560951315798e-05, 6.11859213677235e-05, 8.599196735303849e-05, 8.857790817273781e-05, 6.820139242336154e-05, 6.542983464896679e-05, 0.00015409196203108877, 5.601356679107994e-05, 0.00013102979573886842, 2.8247199225006625e-05, 0.00021855845989193767, 8.427794091403484e-05, 4.559018270811066e-05, 3.45394219039008e-05, 3.760809340747073e-05, 7.89378973422572e-05, 2.896728619816713e-05, 0.00010354237747378647], 'zero_points': [0, 0, 0, 0, 0, 0, 0, 0, 0, 0, 0, 0, 0, 0, 0, 0, 0, 0, 0, 0, 0, 0, 0, 0, 0, 0, 0, 0, 0, 0, 0, 0, 0, 0, 0, 0, 0, 0, 0, 0, 0, 0, 0, 0, 0, 0, 0, 0, 0, 0, 0, 0, 0, 0, 0, 0, 0, 0, 0, 0, 0, 0, 0, 0, 0, 0, 0, 0, 0, 0, 0, 0, 0, 0, 0, 0, 0, 0, 0, 0, 0, 0, 0, 0, 0, 0, 0, 0, 0, 0, 0, 0, 0, 0, 0, 0, 0, 0, 0, 0, 0, 0, 0, 0, 0, 0, 0, 0, 0, 0, 0, 0, 0, 0, 0, 0, 0, 0, 0, 0, 0, 0, 0, 0, 0, 0, 0, 0, 0, 0, 0, 0, 0, 0, 0, 0, 0, 0, 0, 0, 0, 0, 0, 0, 0, 0, 0, 0, 0, 0, 0, 0, 0, 0, 0, 0, 0, 0, 0, 0, 0, 0, 0, 0, 0, 0, 0, 0, 0, 0, 0, 0, 0, 0, 0, 0, 0, 0, 0, 0, 0, 0, 0, 0, 0, 0, 0, 0, 0, 0, 0, 0, 0, 0, 0, 0, 0, 0, 0, 0, 0, 0, 0, 0, 0, 0, 0, 0, 0, 0, 0, 0, 0, 0, 0, 0, 0, 0, 0, 0, 0, 0, 0, 0, 0, 0, 0, 0, 0, 0, 0, 0, 0, 0, 0, 0, 0, 0, 0, 0, 0, 0, 0, 0, 0, 0, 0, 0, 0, 0, 0, 0, 0, 0, 0, 0, 0, 0, 0, 0, 0, 0, 0, 0, 0, 0, 0, 0, 0, 0, 0, 0, 0, 0, 0, 0, 0, 0, 0, 0, 0, 0, 0, 0, 0, 0, 0, 0, 0, 0, 0, 0, 0, 0, 0, 0, 0, 0, 0, 0, 0, 0, 0, 0, 0, 0, 0, 0, 0, 0, 0, 0, 0, 0, 0, 0, 0, 0, 0, 0, 0, 0, 0, 0, 0, 0, 0, 0, 0, 0, 0, 0, 0, 0, 0, 0, 0, 0, 0, 0, 0, 0, 0, 0, 0, 0, 0, 0, 0, 0, 0, 0, 0, 0, 0, 0, 0, 0, 0, 0, 0, 0, 0, 0, 0, 0, 0, 0, 0, 0, 0, 0, 0, 0, 0, 0, 0, 0, 0, 0, 0, 0, 0, 0], 'axis': 0, 'scale_tuple': 0.0, 'zp_tuple': 0}
values(int):
[112967 167588 175111   8201  72686 125364  24226 154816 132352 102199  15677   5052 192020  21278  23047  64676 128225
  64244  19155  29563  47897  55272  19932  11119   7087  22147  84947 122740   -232  15208   5573  11022  30205  44306
 102361   2682 126481  28173    646 205203  56269   8501  31134 125706 152071   5762 107959  79138   1752  65051  12886
  33254  72017  13905  72288  15491  99960  91316  42260 126285  95343  21672   4648  27133  12294  14041  48737   6778
   7380  96811  11820   7786  22234  79359  75749  14760  98452   9936  19648  71253 134111  46948  43437  49299   7659
  14850 136188    877  18510 164655 157462  57333 134221  13575  58266  51663 186095 166179  13979  66448  26542  39704
  19315  30008 160870 174187  84214  73653  11889  24450  11111  17315  11520  77174  18359  29943  17896  26045  36707
   9260  96900 115601  16219  17017  23081  12415  27863  53206  23315   9426  67889  45460 134111   1681  41844  20559
  59684  14283   6462  24092  53153  80180   8596   6748  78703  20266  10128  17433  79827  14571   8173  42102  51020
 134593  87600  22040  10047  63892 101074   2885  44798  99731 140695 119044 140525  32738  13893  44013  20988  17566
  55372  89955  22953  20154  20192  19701  43804  22137   2728  57741  33631  71622  24990  85913  89915  14565  11059
  22126  35099  23149  17260  68433 175524  11188  20699   8108 153191 130870  71613  32543  54185   7052  15805  21615
  72634  78379  22934  15261  24513  34172 133625 161303 179618  46914  15382  95789 154775  16889 175402  60482  22450
  11842 161831  96762 183324 138740  11843  22516  93918  62187 128574  10602  61290   9416  61859 113207  43997  16883
  21910  91149  78440  71014  12922  13311   1853  64541  19651 131441  24230  19430  10304   8124  94191  26661  28454
  81916  39666  45562   4948  23412  13538  16187 158069  21505  18349  18740  14930 120509  91463 168349  28773  49925
  14262   9083  49745  10012  31141  67562  46039   8352 153210 105712 101758 167363  13658  57844  61851  36048  22612
   4340  72610 158460   6687  55504  17435  24940  15845  77475  16462  45772  68979  15669  22762 127774 164360  25293
  38650 156530   7750  55971  24108  62698  83738  26030 101512  73804  21856  12129  90015  62948  77443  12137 131218
  41918 101124  12647 115833  54158  37591  10073  16710  57093  18707  16802  29586  67568  20092  39925  52889  98544
   6879  45220   9831 261739  15777  70056 157917 122459 227849 120093   7390   4769  36817  21844  19224  96717  19114
  78326   9695   7604  43613 148526  12640  28946  33431 141869 126053  58660  20308  27669  56040  51415  14576  57908
  24369 133207   8368  24421  75869  95005  85954  23588 127245  18870]

=== OFM ===
name    : build_efficientnetv2_b0_full_bnless/block4b_se_expand/Relu6;build_efficientnetv2_b0_full_bnless/block4b_se_expand/add;build_efficientnetv2_b0_full_bnless/block4b_se_expand/BiasAdd/ReadVariableOp;build_efficientnetv2_b0_full_bnless/block4b_se_expand/BiasAdd;build_efficientnetv2_b0_full_bnless/block4c_se_expand/Conv2D;build_efficientnetv2_b0_full_bnless/block4b_se_expand/Conv2D;build_efficientnetv2_b0_full_bnless/block1a_project_activation/add/y1
index   : 246
shape   : [1, 1, 1, 384]
dtype   : <class 'numpy.int8'>
quant   : {'scales': [0.0235294122248888], 'zero_points': [-128], 'axis': 0, 'scale_tuple': 0.0235294122248888, 'zp_tuple': -128}
values(int):
[[[[   8   76   50   53  -19   58    9   53   90   88 -113  -17   31 -111   12  -32   56   39    8 -122  127   49
    -128  -43  -92 -104   82   55 -128  -94 -128  -61  -76   68   96  -43   58  -27  -89   35   90   46   93   72
      54 -112   77   75 -128   21  -65 -113    1  -69   30  -30   67   30  -35   77   28  -40  -60  -14  -16  -20
     -45  -97  -17   46 -128  -66  -43   99   96  -44   92   39 -103   77   70  -66   60  -35  -80  -16  102 -128
     -10   76   36   35   57   56  -27 -127   64   39  -67  118  -65   13   -2  -32   68   57   19   92  -50  -41
    -108  -29  -88   -3   43   79   12  -24 -123   -1  127   89  -11   94  -49  -78   64   40   -1  -46   90  -76
      42  -38   -6   32   37   63 -128 -116   87   98   -8  -81   26  -93  -66  -64   58   13   42    9   72   51
      70  -33  -17   45   69  -28   46   84   90   71   79  -16 -128  -53   67  -30   55   53  -67   61 -128 -100
     -12  -77  -31   70  -57   25 -126  108   63   35  -91    8  127 -128  -17   67   63  -26 -117  -81   65   59
      97  -34  -41  -80 -116  -73   -6   50 -127   53 -108   55   38   40   86   66   -4   79   69  -49   34    2
    -128  -71   42   70   39   36  -90 -128   38  -13   97 -128   52  -90   44   13  -90  -45  -50  103   -4   40
     -88   26 -128   71  -63   80   27 -128  -51 -128   93   66 -128    4   25    4 -105   -3   13  -52   45   43
    -128   27 -127   70   44  106 -113  -38  -48   93  -14  -80 -102   96  -31  -25   60   16   83   57 -128   -7
      22  -85 -128  -47   23   89 -128  -39  -79 -128   92   -2  -69   50   39  -47   44   38   68  -19   -6   51
    -128   -6  -49   99  110  -38   40  -19   53  -55  108   59   97    9   94  -65   62  -42   41   97   48  -65
     -69   39 -119  -77  -20   37 -128   66  -78   50  -30   34 -128   51   13   86   46   70   61   73 -128 -128
     -10 -128   15  -22 -128  127 -128  -50   83   66  -67   55  109   59   86   69  -14   54   92   31 -101   48
     -42   80 -119 -128   82   70  -36  -50   88  -71]]]]

=== REQUANT (computed) ===
s_in: 0.04365520924329758, zp_in: -119
s_w[0:8]: [0.0007244915468618274, 0.0005432654870674014, 0.0004939265782013535, 0.0037049301899969578, 0.0008502393029630184, 0.0007002039346843958, 0.0022094121668487787, 0.0005711460253223777]
zp_w[0:8]: [0, 0, 0, 0, 0, 0, 0, 0]
s_out[0:8]: [0.0235294122248888, 0.0235294122248888, 0.0235294122248888, 0.0235294122248888, 0.0235294122248888, 0.0235294122248888, 0.0235294122248888, 0.0235294122248888]
zp_out[0:8]: [-128, -128, -128, -128, -128, -128, -128, -128]
M[0:8]: [1477944565, 1108247954, 2015195637, 1889491142, 1734466831, 1428398446, 1126786337, 1165123552]
n[0:8]: [9, 9, 10, 7, 9, 9, 7, 9]

--- VERIFY SAMPLE OUTPUTS (CONV family, grid) ---
stride=(1, 1), padding=SAME, kernel=(1,1), grid=1x1 points
pos(h,w),ch | acc | M | n | zp_out | y_calc | y_ref | match

--- DEBUG ACC for (h=0, w=0, ch=0) ---
x[0,0,0]=-52 * w[0,0,0,0]=-105 => 5460
x[0,0,1]=-67 * w[0,0,0,1]=-11 => 737
x[0,0,2]=54 * w[0,0,0,2]=-79 => -4266
x[0,0,3]=-67 * w[0,0,0,3]=-85 => 5695
x[0,0,4]=-126 * w[0,0,0,4]=-2 => 252
x[0,0,5]=-47 * w[0,0,0,5]=-39 => 1833
x[0,0,6]=-69 * w[0,0,0,6]=-1 => 69
x[0,0,7]=-127 * w[0,0,0,7]=76 => -9652
x[0,0,8]=-89 * w[0,0,0,8]=7 => -623
x[0,0,9]=-41 * w[0,0,0,9]=-8 => 328
x[0,0,10]=-119 * w[0,0,0,10]=-19 => 2261
x[0,0,11]=-114 * w[0,0,0,11]=-14 => 1596
x[0,0,12]=-77 * w[0,0,0,12]=32 => -2464
x[0,0,13]=-103 * w[0,0,0,13]=-35 => 3605
x[0,0,14]=16 * w[0,0,0,14]=48 => 768
x[0,0,15]=-80 * w[0,0,0,15]=8 => -640
x[0,0,16]=-127 * w[0,0,0,16]=42 => -5334
x[0,0,17]=-121 * w[0,0,0,17]=-40 => 4840
x[0,0,18]=-13 * w[0,0,0,18]=127 => -1651
x[0,0,19]=-120 * w[0,0,0,19]=-46 => 5520
x[0,0,20]=-100 * w[0,0,0,20]=-11 => 1100
x[0,0,21]=-87 * w[0,0,0,21]=-43 => 3741
x[0,0,22]=-72 * w[0,0,0,22]=-24 => 1728
x[0,0,23]=-119 * w[0,0,0,23]=-14 => 1666
sum_xw=16569, sum_x=-1867, sum_w=-236
-zp_in*sum_w=-28084, -zp_w*sum_x=0, +K*zp_in*zp_w=0
+bias=112967
acc(before clip)=101452
(0,0),0 | 101452 | 1477944565 | 9 | -128 | 8 | 8 | OK

--- DEBUG ACC for (h=0, w=0, ch=1) ---
x[0,0,0]=-52 * w[1,0,0,0]=-11 => 572
x[0,0,1]=-67 * w[1,0,0,1]=13 => -871
x[0,0,2]=54 * w[1,0,0,2]=127 => 6858
x[0,0,3]=-67 * w[1,0,0,3]=-103 => 6901
x[0,0,4]=-126 * w[1,0,0,4]=34 => -4284
x[0,0,5]=-47 * w[1,0,0,5]=74 => -3478
x[0,0,6]=-69 * w[1,0,0,6]=-14 => 966
x[0,0,7]=-127 * w[1,0,0,7]=43 => -5461
x[0,0,8]=-89 * w[1,0,0,8]=44 => -3916
x[0,0,9]=-41 * w[1,0,0,9]=69 => -2829
x[0,0,10]=-119 * w[1,0,0,10]=108 => -12852
x[0,0,11]=-114 * w[1,0,0,11]=50 => -5700
x[0,0,12]=-77 * w[1,0,0,12]=-3 => 231
x[0,0,13]=-103 * w[1,0,0,13]=34 => -3502
x[0,0,14]=16 * w[1,0,0,14]=9 => 144
x[0,0,15]=-80 * w[1,0,0,15]=5 => -400
x[0,0,16]=-127 * w[1,0,0,16]=-37 => 4699
x[0,0,17]=-121 * w[1,0,0,17]=13 => -1573
x[0,0,18]=-13 * w[1,0,0,18]=-28 => 364
x[0,0,19]=-120 * w[1,0,0,19]=41 => -4920
x[0,0,20]=-100 * w[1,0,0,20]=37 => -3700
x[0,0,21]=-87 * w[1,0,0,21]=53 => -4611
x[0,0,22]=-72 * w[1,0,0,22]=113 => -8136
x[0,0,23]=-119 * w[1,0,0,23]=-47 => 5593
sum_xw=-39905, sum_x=-1867, sum_w=624
-zp_in*sum_w=74256, -zp_w*sum_x=0, +K*zp_in*zp_w=0
+bias=167588
acc(before clip)=201939
(0,0),1 | 201939 | 1108247954 | 9 | -128 | 76 | 76 | OK

--- DEBUG ACC for (h=0, w=0, ch=2) ---
x[0,0,0]=-52 * w[2,0,0,0]=-60 => 3120
x[0,0,1]=-67 * w[2,0,0,1]=-14 => 938
x[0,0,2]=54 * w[2,0,0,2]=95 => 5130
x[0,0,3]=-67 * w[2,0,0,3]=89 => -5963
x[0,0,4]=-126 * w[2,0,0,4]=116 => -14616
x[0,0,5]=-47 * w[2,0,0,5]=127 => -5969
x[0,0,6]=-69 * w[2,0,0,6]=45 => -3105
x[0,0,7]=-127 * w[2,0,0,7]=71 => -9017
x[0,0,8]=-89 * w[2,0,0,8]=-10 => 890
x[0,0,9]=-41 * w[2,0,0,9]=93 => -3813
x[0,0,10]=-119 * w[2,0,0,10]=-18 => 2142
x[0,0,11]=-114 * w[2,0,0,11]=108 => -12312
x[0,0,12]=-77 * w[2,0,0,12]=-62 => 4774
x[0,0,13]=-103 * w[2,0,0,13]=-34 => 3502
x[0,0,14]=16 * w[2,0,0,14]=-110 => -1760
x[0,0,15]=-80 * w[2,0,0,15]=-113 => 9040
x[0,0,16]=-127 * w[2,0,0,16]=55 => -6985
x[0,0,17]=-121 * w[2,0,0,17]=-41 => 4961
x[0,0,18]=-13 * w[2,0,0,18]=30 => -390
x[0,0,19]=-120 * w[2,0,0,19]=6 => -720
x[0,0,20]=-100 * w[2,0,0,20]=6 => -600
x[0,0,21]=-87 * w[2,0,0,21]=8 => -696
x[0,0,22]=-72 * w[2,0,0,22]=103 => -7416
x[0,0,23]=-119 * w[2,0,0,23]=23 => -2737
sum_xw=-41602, sum_x=-1867, sum_w=513
-zp_in*sum_w=61047, -zp_w*sum_x=0, +K*zp_in*zp_w=0
+bias=175111
acc(before clip)=194556
(0,0),2 | 194556 | 2015195637 | 10 | -128 | 50 | 50 | OK

--- DEBUG ACC for (h=0, w=0, ch=3) ---
x[0,0,0]=-52 * w[3,0,0,0]=-7 => 364
x[0,0,1]=-67 * w[3,0,0,1]=-10 => 670
x[0,0,2]=54 * w[3,0,0,2]=20 => 1080
x[0,0,3]=-67 * w[3,0,0,3]=33 => -2211
x[0,0,4]=-126 * w[3,0,0,4]=-20 => 2520
x[0,0,5]=-47 * w[3,0,0,5]=63 => -2961
x[0,0,6]=-69 * w[3,0,0,6]=-14 => 966
x[0,0,7]=-127 * w[3,0,0,7]=-23 => 2921
x[0,0,8]=-89 * w[3,0,0,8]=20 => -1780
x[0,0,9]=-41 * w[3,0,0,9]=0 => 0
x[0,0,10]=-119 * w[3,0,0,10]=-59 => 7021
x[0,0,11]=-114 * w[3,0,0,11]=4 => -456
x[0,0,12]=-77 * w[3,0,0,12]=23 => -1771
x[0,0,13]=-103 * w[3,0,0,13]=-27 => 2781
x[0,0,14]=16 * w[3,0,0,14]=-3 => -48
x[0,0,15]=-80 * w[3,0,0,15]=79 => -6320
x[0,0,16]=-127 * w[3,0,0,16]=-23 => 2921
x[0,0,17]=-121 * w[3,0,0,17]=-119 => 14399
x[0,0,18]=-13 * w[3,0,0,18]=-5 => 65
x[0,0,19]=-120 * w[3,0,0,19]=-98 => 11760
x[0,0,20]=-100 * w[3,0,0,20]=59 => -5900
x[0,0,21]=-87 * w[3,0,0,21]=-34 => 2958
x[0,0,22]=-72 * w[3,0,0,22]=127 => -9144
x[0,0,23]=-119 * w[3,0,0,23]=-7 => 833
sum_xw=20668, sum_x=-1867, sum_w=-21
-zp_in*sum_w=-2499, -zp_w*sum_x=0, +K*zp_in*zp_w=0
+bias=8201
acc(before clip)=26370
(0,0),3 | 26370 | 1889491142 | 7 | -128 | 53 | 53 | OK

--- DEBUG ACC for (h=0, w=0, ch=4) ---
x[0,0,0]=-52 * w[4,0,0,0]=-127 => 6604
x[0,0,1]=-67 * w[4,0,0,1]=-58 => 3886
x[0,0,2]=54 * w[4,0,0,2]=54 => 2916
x[0,0,3]=-67 * w[4,0,0,3]=4 => -268
x[0,0,4]=-126 * w[4,0,0,4]=-65 => 8190
x[0,0,5]=-47 * w[4,0,0,5]=11 => -517
x[0,0,6]=-69 * w[4,0,0,6]=-102 => 7038
x[0,0,7]=-127 * w[4,0,0,7]=27 => -3429
x[0,0,8]=-89 * w[4,0,0,8]=68 => -6052
x[0,0,9]=-41 * w[4,0,0,9]=17 => -697
x[0,0,10]=-119 * w[4,0,0,10]=-35 => 4165
x[0,0,11]=-114 * w[4,0,0,11]=-122 => 13908
x[0,0,12]=-77 * w[4,0,0,12]=-26 => 2002
x[0,0,13]=-103 * w[4,0,0,13]=-41 => 4223
x[0,0,14]=16 * w[4,0,0,14]=-40 => -640
x[0,0,15]=-80 * w[4,0,0,15]=-20 => 1600
x[0,0,16]=-127 * w[4,0,0,16]=-40 => 5080
x[0,0,17]=-121 * w[4,0,0,17]=-38 => 4598
x[0,0,18]=-13 * w[4,0,0,18]=46 => -598
x[0,0,19]=-120 * w[4,0,0,19]=7 => -840
x[0,0,20]=-100 * w[4,0,0,20]=-51 => 5100
x[0,0,21]=-87 * w[4,0,0,21]=43 => -3741
x[0,0,22]=-72 * w[4,0,0,22]=41 => -2952
x[0,0,23]=-119 * w[4,0,0,23]=83 => -9877
sum_xw=39699, sum_x=-1867, sum_w=-364
-zp_in*sum_w=-43316, -zp_w*sum_x=0, +K*zp_in*zp_w=0
+bias=72686
acc(before clip)=69069
(0,0),4 | 69069 | 1734466831 | 9 | -128 | -19 | -19 | OK

--- DEBUG ACC for (h=0, w=0, ch=5) ---
x[0,0,0]=-52 * w[5,0,0,0]=14 => -728
x[0,0,1]=-67 * w[5,0,0,1]=-3 => 201
x[0,0,2]=54 * w[5,0,0,2]=127 => 6858
x[0,0,3]=-67 * w[5,0,0,3]=73 => -4891
x[0,0,4]=-126 * w[5,0,0,4]=-15 => 1890
x[0,0,5]=-47 * w[5,0,0,5]=-49 => 2303
x[0,0,6]=-69 * w[5,0,0,6]=-18 => 1242
x[0,0,7]=-127 * w[5,0,0,7]=45 => -5715
x[0,0,8]=-89 * w[5,0,0,8]=-8 => 712
x[0,0,9]=-41 * w[5,0,0,9]=63 => -2583
x[0,0,10]=-119 * w[5,0,0,10]=-43 => 5117
x[0,0,11]=-114 * w[5,0,0,11]=-33 => 3762
x[0,0,12]=-77 * w[5,0,0,12]=-24 => 1848
x[0,0,13]=-103 * w[5,0,0,13]=15 => -1545
x[0,0,14]=16 * w[5,0,0,14]=-2 => -32
x[0,0,15]=-80 * w[5,0,0,15]=39 => -3120
x[0,0,16]=-127 * w[5,0,0,16]=-59 => 7493
x[0,0,17]=-121 * w[5,0,0,17]=29 => -3509
x[0,0,18]=-13 * w[5,0,0,18]=-96 => 1248
x[0,0,19]=-120 * w[5,0,0,19]=17 => -2040
x[0,0,20]=-100 * w[5,0,0,20]=-24 => 2400
x[0,0,21]=-87 * w[5,0,0,21]=22 => -1914
x[0,0,22]=-72 * w[5,0,0,22]=12 => -864
x[0,0,23]=-119 * w[5,0,0,23]=59 => -7021
sum_xw=1112, sum_x=-1867, sum_w=141
-zp_in*sum_w=16779, -zp_w*sum_x=0, +K*zp_in*zp_w=0
+bias=125364
acc(before clip)=143255
(0,0),5 | 143255 | 1428398446 | 9 | -128 | 58 | 58 | OK
