MODEL : efficientnetv2_b0_bnless_int8.tflite
OP #64: CONV_2D

=== IFM ===
name    : build_efficientnetv2_b0_full_bnless/block4c_se_reduce/truediv;build_efficientnetv2_b0_full_bnless/block1a_project_activation/truediv/y;build_efficientnetv2_b0_full_bnless/block1a_project_activation/add/y;build_efficientnetv2_b0_full_bnless/block4c_se_reduce/Relu6;build_efficientnetv2_b0_full_bnless/block4c_se_reduce/add;build_efficientnetv2_b0_full_bnless/block4c_se_reduce/mul;build_efficientnetv2_b0_full_bnless/block2a_expand_activation/truediv;build_efficientnetv2_b0_full_bnless/block1a_project_activation/truediv/y
index   : 261
shape   : [1, 1, 1, 24]
dtype   : <class 'numpy.int8'>
quant   : {'scales': [0.03584391996264458], 'zero_points': [-118], 'axis': 0, 'scale_tuple': 0.03584391996264458, 'zp_tuple': -118}
values(int):
[[[[-126  -70 -112  -70  -87 -109  -42  -88 -124 -104  -68 -106  -72  -88  -28  -91  -58    1 -113  -87 -106  -99
    -104  -81]]]]

=== WEIGHTS ===
name    : build_efficientnetv2_b0_full_bnless/block4c_se_expand/Conv2D
index   : 147
shape   : [384, 1, 1, 24]
dtype   : <class 'numpy.int8'>
quant   : {'scales': [0.002440645592287183, 0.0038109931629151106, 0.0008904358837753534, 0.004988433793187141, 0.004426768980920315, 0.002794665517285466, 0.001074171275831759, 0.0010045772651210427, 0.005424144212156534, 0.0024013048969209194, 0.0037571825087070465, 0.0015516619896516204, 0.0034848095383495092, 0.0007297892007045448, 0.0008220408926717937, 0.0025677622761577368, 0.0025924951769411564, 0.0017298684688284993, 0.0034043819177895784, 0.002930829767137766, 0.0009958244627341628, 0.0014662622706964612, 0.0024218312464654446, 0.0007210082840174437, 0.0013448771787807345, 0.0022257280070334673, 0.0013795244740322232, 0.0019733980298042297, 0.004966129548847675, 0.001505300053395331, 0.0022595415357500315, 0.0008914218051359057, 0.0051748077385127544, 0.001326899859122932, 0.001955412793904543, 0.0038037269841879606, 0.004526624921709299, 0.001409605029039085, 0.0037539296317845583, 0.002228944329544902, 0.002330783987417817, 0.0035518051590770483, 0.004750591702759266, 0.004311962053179741, 0.0029599631670862436, 0.002686236286535859, 0.004476132337003946, 0.0009081218740902841, 0.0012741612736135721, 0.002234957180917263, 0.0014693170087412, 0.002550719538703561, 0.0009048061328940094, 0.0013942498480901122, 0.004177786875516176, 0.005726197734475136, 0.004206966608762741, 0.0009024051250889897, 0.0008735931478440762, 0.0021677985787391663, 0.008331329561769962, 0.0012310476740822196, 0.0023522379342466593, 0.0013697731774300337, 0.0033329047728329897, 0.001149931806139648, 0.00043768101022578776, 0.0011915091890841722, 0.005051636137068272, 0.0014658941654488444, 0.0033875196240842342, 0.0036235551815479994, 0.00096260936697945, 0.0008281336049549282, 0.0018271718872711062, 0.0011900663375854492, 0.0009171727579087019, 0.001024135621264577, 0.0042701829224824905, 0.0010371471289545298, 0.0014866465935483575, 0.0012890610378235579, 0.0037680757232010365, 0.004015169572085142, 0.0016933968290686607, 0.0014050020836293697, 0.0022689865436404943, 0.003839218057692051, 0.0007186652510426939, 0.0014237348223105073, 0.0012979742605239153, 0.0008147553890012205, 0.004017950501292944, 0.0035018385387957096, 0.002505650743842125, 0.0020033358596265316, 0.001562134362757206, 0.0030451780185103416, 0.0007218769169412553, 0.005783662665635347, 0.0017561231506988406, 0.0010704831220209599, 0.0019958929624408484, 0.0017315014265477657, 0.003156424267217517, 0.0008481594268232584, 0.0026914856862276793, 0.0027172351256012917, 0.0010105554247274995, 0.0010412839474156499, 0.001920304843224585, 0.0016105949180200696, 0.002475220710039139, 0.0010764786275103688, 0.004561819601804018, 0.002969037275761366, 0.001712836674414575, 0.0019567888230085373, 0.0009549712995067239, 0.0007476267055608332, 0.0015926564810797572, 0.004447537939995527, 0.0017921164399012923, 0.002575872465968132, 0.000977177289314568, 0.0011374434689059854, 0.00483637535944581, 0.0016416239086538553, 0.003529531182721257, 0.0011208768701180816, 0.0006733586196787655, 0.0012149338144809008, 0.0008000526577234268, 0.004771060775965452, 0.000930601847358048, 0.0013216229854151607, 0.0040756831876933575, 0.0009358145762234926, 0.0016482033533975482, 0.0009795045480132103, 0.0012945500202476978, 0.0030281697399914265, 0.0009087229263968766, 0.0008097976096905768, 0.0017621051520109177, 0.000972790876403451, 0.0031039873138070107, 0.001908360281959176, 0.0017151490319520235, 0.000799643574282527, 0.002405049279332161, 0.0013309959322214127, 0.00088867376325652, 0.0012367916060611606, 0.0015250694705173373, 0.0018920783186331391, 0.010120660997927189, 0.0016011832049116492, 0.002062555868178606, 0.0011004946427419782, 0.001759325503371656, 0.0012895588297396898, 0.0013463757932186127, 0.0049003795720636845, 0.0010635259095579386, 0.0014565879246219993, 0.0006203576922416687, 0.0008385719847865403, 0.0024021356366574764, 0.0012921938905492425, 0.0022768008057028055, 0.0016030786791816354, 0.0024264235980808735, 0.0013153663603588939, 0.0016479853074997663, 0.001348163466900587, 0.001302769291214645, 0.0016612285980954766, 0.001482928404584527, 0.0009224711102433503, 0.0008860843954607844, 0.0012406923342496157, 0.0011891697067767382, 0.0009764765854924917, 0.0014235323760658503, 0.0006052401731722057, 0.0014250448439270258, 0.004498158115893602, 0.001197134261019528, 0.002197653753682971, 0.0011475762585178018, 0.0008971829083748162, 0.0022287059109658003, 0.004327328409999609, 0.001917454064823687, 0.002394115086644888, 0.001654548104852438, 0.0040616439655423164, 0.0012724286643788218, 0.001613136730156839, 0.0016108772251755, 0.003614618442952633, 0.0029645750764757395, 0.0016599625814706087, 0.001121968263760209, 0.0008005705312825739, 0.0014770259149372578, 0.004926984664052725, 0.003084881929680705, 0.00228534615598619, 0.0028371077496558428, 0.001262820209376514, 0.002916142111644149, 0.0025302753783762455, 0.0010387781076133251, 0.0014057426014915109, 0.001809300621971488, 0.001970690907910466, 0.003192951437085867, 0.003611405612900853, 0.0023022284731268883, 0.0014372518053278327, 0.001092555932700634, 0.003970134072005749, 0.004727908875793219, 0.0014063491253182292, 0.001975973369553685, 0.0030645967926830053, 0.0013460780028253794, 0.0009462330490350723, 0.002156052505597472, 0.0012210438726469874, 0.0026868595741689205, 0.0010840444592759013, 0.0011194924591109157, 0.0009441648726351559, 0.008183306083083153, 0.0025920907501131296, 0.005501757841557264, 0.001287379884161055, 0.0012260490329936147, 0.002955150557681918, 0.0020252172835171223, 0.0012401631101965904, 0.0010940402280539274, 0.0008327136165462434, 0.0010321371955797076, 0.00847043190151453, 0.0010709413327276707, 0.001718078157864511, 0.00583969010040164, 0.001954552950337529, 0.004158955533057451, 0.0012268684804439545, 0.002644041320309043, 0.0007210555486381054, 0.0023579285480082035, 0.0011887786677107215, 0.0019157201750203967, 0.004716722294688225, 0.0007749969372525811, 0.0010997526114806533, 0.003342060837894678, 0.001527491956949234, 0.0014605605974793434, 0.0059523326344788074, 0.00418258598074317, 0.0015667852712795138, 0.001135516562499106, 0.0021264380775392056, 0.001321081886999309, 0.003117389976978302, 0.0017001766245812178, 0.0013051653513684869, 0.002309715375304222, 0.001957169035449624, 0.003165863687172532, 0.004347776994109154, 0.0012650873977690935, 0.0006755203939974308, 0.001060251728631556, 0.001761387218721211, 0.0009961177129298449, 0.001319423201493919, 0.006185871083289385, 0.0015576932346448302, 0.0008316928870044649, 0.0023756164591759443, 0.004319884814321995, 0.001775378710590303, 0.004973342642188072, 0.007368121761828661, 0.0025145411491394043, 0.0007537685451097786, 0.004687787964940071, 0.001638840651139617, 0.0039857965894043446, 0.0015687878476455808, 0.002219896297901869, 0.003951393533498049, 0.0027495375834405422, 0.0011562075233086944, 0.0014520877739414573, 0.005645276512950659, 0.0013628853484988213, 0.0015911970986053348, 0.0023697863798588514, 0.002279397565871477, 0.004359865561127663, 0.00523722730576992, 0.0018987079383805394, 0.0006607546238228679, 0.0016854559071362019, 0.003966638818383217, 0.0008254212443716824, 0.002513716695830226, 0.0010906800162047148, 0.0009821322746574879, 0.006036498583853245, 0.0013018582249060273, 0.0008909335010685027, 0.001628005295060575, 0.001971146557480097, 0.0010049584088847041, 0.0016175727359950542, 0.0051865712739527225, 0.0021521688904613256, 0.0010591200552880764, 0.004912903066724539, 0.0011329930275678635, 0.006197385024279356, 0.0009368841419927776, 0.001949421945028007, 0.005416413769125938, 0.0015441338764503598, 0.0021736419294029474, 0.0007948493584990501, 0.0037722724955528975, 0.002205116208642721, 0.0021158468443900347, 0.0014211174566298723, 0.0008229058585129678, 0.0007938618073239923, 0.0013530802680179477, 0.002666045678779483, 0.0007871881243772805, 0.0036288241390138865, 0.002073221607133746, 0.0032580429688096046, 0.003004929283633828, 0.004240144044160843, 0.004134130198508501, 0.0013507234398275614, 0.002265620743855834, 0.0017374127637594938, 0.0008936895756050944, 0.003942908253520727, 0.004377362783998251, 0.006838617846369743, 0.0035262596793472767, 0.001884366269223392, 0.004226166754961014, 0.0010257390094920993, 0.001348618301562965, 0.0029533421620726585, 0.0024408618919551373, 0.0017523197457194328, 0.0010676587698981166, 0.002061564242467284, 0.010772532783448696, 0.0016179033555090427, 0.0017871129093691707, 0.003323189914226532, 0.0020019912626594305, 0.0031243059784173965, 0.003645688993856311, 0.0010666237212717533, 0.0051989080384373665, 0.0019270871998742223, 0.0022040060721337795, 0.005281595513224602, 0.0015971949324011803, 0.0017153739463537931, 0.0007972593884915113], 'zero_points': [0, 0, 0, 0, 0, 0, 0, 0, 0, 0, 0, 0, 0, 0, 0, 0, 0, 0, 0, 0, 0, 0, 0, 0, 0, 0, 0, 0, 0, 0, 0, 0, 0, 0, 0, 0, 0, 0, 0, 0, 0, 0, 0, 0, 0, 0, 0, 0, 0, 0, 0, 0, 0, 0, 0, 0, 0, 0, 0, 0, 0, 0, 0, 0, 0, 0, 0, 0, 0, 0, 0, 0, 0, 0, 0, 0, 0, 0, 0, 0, 0, 0, 0, 0, 0, 0, 0, 0, 0, 0, 0, 0, 0, 0, 0, 0, 0, 0, 0, 0, 0, 0, 0, 0, 0, 0, 0, 0, 0, 0, 0, 0, 0, 0, 0, 0, 0, 0, 0, 0, 0, 0, 0, 0, 0, 0, 0, 0, 0, 0, 0, 0, 0, 0, 0, 0, 0, 0, 0, 0, 0, 0, 0, 0, 0, 0, 0, 0, 0, 0, 0, 0, 0, 0, 0, 0, 0, 0, 0, 0, 0, 0, 0, 0, 0, 0, 0, 0, 0, 0, 0, 0, 0, 0, 0, 0, 0, 0, 0, 0, 0, 0, 0, 0, 0, 0, 0, 0, 0, 0, 0, 0, 0, 0, 0, 0, 0, 0, 0, 0, 0, 0, 0, 0, 0, 0, 0, 0, 0, 0, 0, 0, 0, 0, 0, 0, 0, 0, 0, 0, 0, 0, 0, 0, 0, 0, 0, 0, 0, 0, 0, 0, 0, 0, 0, 0, 0, 0, 0, 0, 0, 0, 0, 0, 0, 0, 0, 0, 0, 0, 0, 0, 0, 0, 0, 0, 0, 0, 0, 0, 0, 0, 0, 0, 0, 0, 0, 0, 0, 0, 0, 0, 0, 0, 0, 0, 0, 0, 0, 0, 0, 0, 0, 0, 0, 0, 0, 0, 0, 0, 0, 0, 0, 0, 0, 0, 0, 0, 0, 0, 0, 0, 0, 0, 0, 0, 0, 0, 0, 0, 0, 0, 0, 0, 0, 0, 0, 0, 0, 0, 0, 0, 0, 0, 0, 0, 0, 0, 0, 0, 0, 0, 0, 0, 0, 0, 0, 0, 0, 0, 0, 0, 0, 0, 0, 0, 0, 0, 0, 0, 0, 0, 0, 0, 0, 0, 0, 0, 0, 0, 0, 0, 0, 0, 0, 0, 0, 0, 0, 0, 0, 0, 0, 0, 0, 0, 0, 0, 0, 0, 0, 0, 0, 0], 'axis': 0, 'scale_tuple': 0.0, 'zp_tuple': 0}
values(int):
[[[[ -53   22   34    5   11  -99  -80 -127   -9    9  -60   -8  -12   -6  -59   59  -23  113    3  -19  -60   39
       4   31]]]


 [[[   6  -30    0   -6  127   -4  -22    7   37   -6   -5 -126  -29   80   -8  -14    4   11    6  -32  -71  -22
      -6  -27]]]


 [[[ -85   50   19   96   19  -51  -57  -43   65  -29   44  -22   -2  -47  -81   90   45  127  -54 -101  -94  -57
      26  -75]]]


 [[[  -4   17    0   -5   34    4   12  -17    3   -6   18   19   -4 -127   -4   -2   -3    2  -11  -25    1   29
       3    6]]]


 [[[  20  -10    0   -5 -127   -5    2   15   27   -8   -2  118  -20   26  -27   -9   -6   23   11  -38  -12   -5
       5   -5]]]


 [[[ -10    4   -9  -34   -5  -31   20   -5   -2   -8   -8  -12   -6  -11  -14  -10   -5    5    3   -9  -21    7
    -127  -57]]]


 [[[ -30  -15    5  -54   33   30  -74   51  -29  -48   25    5   10   -9  -16  -67  -51   67   45   25  -44  127
     -24   68]]]


 [[[  48   74  -18   61  -11   34   60   13   27  -16   54 -114  -62   37 -118  -31  -17  127  -19  -70 -113  -22
     -41  -78]]]


 [[[   9    4  -24   -7  -33   16    3  -19    8   -7   19   -4  127   31    6   -8   -2  -14  -22  -34  -82    3
      -2   -4]]]


 [[[ -15  -18   -8   52  -15  -18  -15  -31   -8  127    0  -21  -19  -25  -17  -98  -99   -2   90  -56  -18   -3
      -9   34]]]


 [[[ -32  -16  -13  127  -25  -46   21  -37  -16  -27   47  -19  -24  -18  -19   11   -6  -49  -21  -27  -10  -28
     -12  -41]]]


 [[[ -35   58   68   21  -36  -56   61 -127  -17  -58  -68  -37  -15  -37  -17  -13  -72    1 -108  -46  -52    7
    -125   19]]]


 [[[ -21    6   10    3   46    2  -13  -30  -11  -15   10   91   30 -127  -11   -5  -14  -32   -8  -64  -84  -38
      -7    2]]]


 [[[  71   66   34  -52  -25  -89   38   21  -27  -57  127  -42   94   19  -83  -53   62   88  -77  -44  -16  -18
     -29  115]]]


 [[[  97   17  -45   52  -10   66  -63   -9  -19   10   13  -45  127  -29  -57    7    5  -56  -74  -33  -97   95
      14   68]]]


 [[[ -31   69  -78   11  -29  -90  -29  -15   29   13   -7  -34  -64  -37   25  -75   36 -112  -48  -38  -59   -2
      -4 -127]]]


 [[[ -11  -74 -127   14   -4   -8   76    9   52   60   72  -11  -28   -9  -25    9   28  -29   39  -32  -18  -12
      25   61]]]


 [[[  24   41   26    6   24   51   48  -30  -24   11    2    8 -127   35   23   15  -20   -6   49   78   79   30
     -12   68]]]


 [[[  -2  -97   18   54    3  127   81   45   -9  -33  -54    0   -3  -11   -7   19   -5   -4    7  -14  -10   15
      -6   65]]]


 [[[   9  -14  -44    0  -33  -88    6  -52    9  127   68  -42  -37  -32  -27  -44   31  -47   71  -47  -36  -40
      39   29]]]


 [[[  96  -12   31   11 -127  -18   44   -1   29    1   18  -44    6  118   -3   32   67  -25    7   40  -25   43
      40   22]]]


 [[[  25   -1   16   38  -38   32   25   19   23  -12   26   32   24 -127  -52   19  -14   17  -37  -83    0   85
      11    9]]]


 [[[ 127  -14   85   85   -3    2  -41   73  -26  -11    5  -17   27  -13  -50   13   -9   58  -39  -55  -17   23
      23  -20]]]


 [[[  40 -103   78  -57   60  -35   13   28  -16  -13  103   60   39   29 -127   38   -6  -34   19   41   40   39
     -70 -103]]]


 [[[  -7   76    6   47  -50   89   48  -19   -8   -8   17 -127   58   48 -122   26  -21   57  -39  -95  -14  -55
      -3   24]]]


 [[[ -73   49   89  -67   -7   35   15  -72  111  -96    6   -8    8   -8  -32  127 -114   71  -72  -16  -18    9
    -107 -105]]]


 [[[  -6  -38   -6  -37  -13    6  -32  -14  -20  -38    5  -23 -127   61  -60    3  -20  -15   -8  -97 -112  -47
      -9  -50]]]


 [[[  57   -1  -37   -4  -47  -16    0  -24    0    9   30  -53   51  -76   11   -7   -2   11  -51  -46  -36  127
       0  -11]]]


 [[[ -41   -5   19  127  -14   21    7  -22  -19    9   35  -14  -21  -16    0   -3    1  -19   14  -27  -10    3
     -14    9]]]


 [[[  21   51   35   56   33   46  -44  -19  -21  -25   46  -46  114 -127  -56   -6   -4  -20   -9 -109  -44   33
     -11   74]]]


 [[[ 127  -21  -30  -19  -30   72   17  -49    0  -41   13  -38   23  -39  -18    3    4   57  -38   35  -24  -45
     -55   -4]]]


 [[[  42   20   -5  -20  -53   42  -43    1   44   14  -20   -2    6  -34 -127   -5   -9   16  -26  -70   26  -58
     -14  -25]]]


 [[[   9   -5  -26  -48   13   69   28 -127   10   -6   -4   15   17   17  -28  -11   -9    8   18   17   35    4
     -11  -76]]]


 [[[ -14  -21   92  -10  -47    6  -39  -55  -44 -127   79  -66  -93  -88  -74 -101  -22 -115  -44  -31 -122    1
     -61  -91]]]


 [[[ -43   50   47  -49    2  -18    5  -49   67   64   11   -4  -11   -7  -72  -89  -27  -27   15  -39   -7    7
     -50 -127]]]


 [[[   5   -6  -56   20    0  -80   23  -61  -26 -100   -1    0   -2    4  -20  127  -28   34  -24   11  -31   -2
     102  -10]]]


 [[[  23   15   -1    7   14   11   -1    5   -1   -4  -11  127  -59  -91  -22    7   -5   30   10  -43   45  -49
       0    3]]]


 [[[  71   24  -18   24    6   59  -12    6  -20  -18  -30  -78  -75 -115 -120  -13  -37  127  -13  -31   62  -69
     -26   22]]]


 [[[ -78  -34   -3  -44   -2  -37    8  -81    3  -14    4   13  -28   13  127    9  -11  -25    4   23    4  -22
     -39  -28]]]


 [[[   8   -9  -60  -75   -9   12    4   -7   -7  -51  -31  -16   -5  -20  -29    1   68   18  -30  -21  -19   -9
    -127  -58]]]


 [[[  34  -32   11    6   15    3 -127   11   14  -50   64    1  -14  -10  -81   -2   -4   27  -39  -46    2    2
     -20   43]]]


 [[[  29    3   10   17   72  -13    0   18  -11  -12   25  104   59 -127   -7   -9    1    8   -2  -64  -72  -40
      -2    5]]]


 [[[  25   14    6    5    3   32   26  -25    3   -5   -1    9 -127    3   -1  -12    3   67   -8  -27   50  -25
      -3    8]]]


 [[[  -5   26   -2   10  -30  -17   37  -38   -5  -24   30  -22  -32  -17  -69  -28  -13 -127  -13   -2  -28  -12
     -17  -35]]]


 [[[  -4   -4   -1   17  122   18    9  -25  -14  -20  -12 -127  -55   98  -21  -13  -15  -17  -13  -39  -36   -1
     -12   -8]]]


 [[[  31    7   14   14  -28   24   11   11    7  -21   -1  -80    9  127  -49   -6   -2   41    0  -39  -53  -52
      -2   10]]]


 [[[   8   -9  -55   10    2   -8    3   -7 -127   -5   -7   -2  -15   -7    2   -3    7   -7  -33   -5   -8   -6
       4   18]]]


 [[[  17   46  101   59  -46    9   -1   59   26   -9    3  -12   94   85   40   55    4  -21    0   85  -42 -127
       3   40]]]


 [[[ -63  -55 -105  -34  -41   -6  -89    0  -34   32   -9  -42  -87  -50   55  -39  -20  -72  -43  -37  -31   -5
      -6 -127]]]


 [[[ -62    7 -123   82  -17  127   26  -68   13  -36   62  -20    7  -11   -3   55  -49   52   22   -4    7  -45
      13  -14]]]


 [[[  33    9  -35   11  -75 -127  -14 -102  -28   30   73  -33  -32 -116  -56  -38   -1  -10  -62  -73  -54  -26
     -16   27]]]


 [[[ -75  -23   -3  -30  -27    5   -6  -77   18   33   79  -42  -28  -40  -51   16 -127   97   34  -90  -76   23
      41  -50]]]


 [[[ 127   79    2   35   10  -19 -116   55   26   47  -29  -52   -4  -78  -33   34  -18   47  -11  -30  -28  -80
     -14    4]]]


 [[[ -91   14    4   10  127   -5  -38  -31  -29  -24   24    2  101 -117   12   13    6  -20    5   75  -25   46
       4   -2]]]


 [[[  24    0  -23   57    2   15 -127   33    3   14    0   -3   13   -4   12    8    7   77   10  -19   -6   -8
      -7  -76]]]


 [[[  14  -23   -7   -4   52   -4  -35   -1  -18   -3    3   68  -37   51   -1    4   -7  -15    0 -127  -61  -26
       0  -38]]]


 [[[  19  -11   10   22    1  -11  -29  -24   -1  -10   28   -5   28   -7 -127  -26    8   -2    8   40   38   21
      -8  -15]]]


 [[[ 102  125  -68   96  -63   81   97  -47  103 -114  -70  -34  -13  -84 -118 -105    8   -2  -83 -127  -68   60
      43    4]]]


 [[[ -87  -46   66  -41   47 -123   88 -126   16  -58  127  -31  -80  -32  108   -9  -15    2   -4   -1   10   22
     -27  -33]]]


 [[[  35   16    2   17   32   19   -2  -15   29   -6   11  -59  -49   31  -60    5    8   43   -6  -60  -27 -127
      -8   -7]]]


 [[[ -14    3  -13   -1   -4  -10   -7   13   15    3   -2   -6   27    3    5    0   -1   -9  -10 -127   68   12
       4    5]]]


 [[[  79   47  -21    8  -28    0    3   -6  -13  -11   85  105  -38 -127  -98  -39  -30   87   -6  -90  -31  -41
     -48    5]]]


 [[[-127  -30    0  -19  -13   14   -7  -84  -33  -15   22  -12  -21  -10  -20    0   -5  -66    5  -47  -19    1
      -9  -77]]]


 [[[  41   12  -85   32  -29   -4  -99   -9   16  -33  -61  -37    7  -54  -67    9  -57 -127  -56  -85 -102    4
      -9  -62]]]


 [[[ 127   17  -10   23    2   14  -23   20    9   -5   35   -5   86  -10  -86   -3    3   30  -22  -41 -106   30
      -6    6]]]


 [[[  21   54   -4   32    2   40  -52    8 -127  -51   -7  -61   88   24  -50    5  -11  -52  -23   47  -96  101
       7   58]]]


 [[[ -64   64   72   25  -36  -55   91  -31   92   37  -10  -68  -40   14   38   70   82   64   62   41  -36  127
      24 -108]]]


 [[[ -38  -47  -11   63  -25 -127  -52  -48   15   60  -88  -33  -29  -35   12    2   12  -23   31    1  -38   17
     -66   91]]]


 [[[  -6  -43  -38   -9    6   25   12   12   -1  127   47    3    3    3   -2  -79   43   14  -12    6   -5  -14
     -85   14]]]


 [[[ -40  -16   94  -42  -43 -127   40   13  -19   -4   83  -76  -64  -69  -24  -19   -3   17  -57  -94  -69   -5
     -20  -61]]]


 [[[ 114   -1  -16   42  -41   -7   15   33  -16  -30   -7  -42   31  -30 -127    3  -13  -57  -34  -49   19  -59
     -15  103]]]


 [[[   4   21   14    8  -13   20    6  -13   -7   -3    1  127   20  -78    1    6    9  -33    8  -44  -31  -43
       5   13]]]


 [[[   7   26   35   52   82   28  -71   57   29  -30   87   39 -100  -23  -31   -4    9   92   19 -106  120 -127
     -18  -65]]]


 [[[  29  -77  -35   -9  -45 -122   96  -29   98   -8  101 -102  -40   41 -127  -74  -25   52 -114  -65  -98   18
      37   23]]]


 [[[  -3  -58  -40  103  -68   22   22   78   44  -30  -41  -91  -27  -83  -56  -67  -39  -49  -23  -82  -36  -17
     -29  127]]]


 [[[-127   56   37  -85   22   63  -15   -3   65   -3  -11   25   -2   24  -10  -17  -63   27  -46    4   -2   27
       2  -90]]]


 [[[-111   80   -8   52   32   41  -44   49  -73  -99   72   56   68   49   -9  -20  -47   48  -40   66  -40  127
     -24  -81]]]


 [[[  60  -36  -69  -44   13 -127   28  -92  -18  -18   15  -17   11  -79 -108   23   17   16  -32  -48  -53    3
      50  -24]]]


 [[[  -4    5   -2   25  -13   -9  -13  -12   77   71   -6  -17  -13  -15  -11  -32 -127    1    3  -23  -12   -3
      82   24]]]


 [[[ 127    2  -15   63  -11  -20  -80   31   15   28   19  -74    1  -25 -112    4   12   94   18  -52   51  -21
      25  -26]]]


 [[[  44   31  -36  -12 -100  127   52 -103    6  -66   16  -67   59  -46    8  -19   19  -18   36   37  110   58
     -58   14]]]


 [[[  38    2  -18   32   17   22    1   28   60  -47   -7 -127  -63  -44  -95  -10   11   56    1  -31   30  -30
     -15   27]]]


 [[[ -10  -29  -77   -6   -5   33   -4    1  -18  -42   98   -1   -9    2  -15  125  -34   27  -81   -3    4  -24
     127   82]]]


 [[[  -1   23   16    6   86    3   29    7   -9  -16   23 -127    0   -7  -21  -14    5   27    7  -19   -4  -23
      -1    3]]]


 [[[  20    6    9   16   -7   30  -29  -16   -9  -13   20   35  -79  -89 -127   -9  -29   68   14  -49   54  -50
     -29   18]]]


 [[[  44   -2  -22   -9  -20   53   -7   48  -42  -22   20  -31  -80  -53    1    5   21  -97    0  -60 -127  -28
      19  -52]]]


 [[[  23   -3   -9    9  -22   24  -22   10    2   -1  -10  -73  -77  -46 -127   -5   -9   90   -6    6   39  -40
      -5    8]]]


 [[[ 127  -13   -1   -2   17   27   24  -48    3    2   39   13   39    9  -58    7   -6   22   -4   16   11    7
      -5  -24]]]


 [[[ 116  102  109   49   24   55   52  -28  -34  -31  112  -22  -33  -57  -94  -84   13  127  -48   40   53  -35
     -36   46]]]


 [[[  53   -3  -35   53    7   36  -16   22   14  -19   26 -127  -71   41  -96   -9  -35  117  -13  -40  -42  -29
     -18  -16]]]


 [[[  23   11  -48    7   11    2   47   13    9  -36   15 -127  -18   77  -79  -43  -10  115  -19  -31  -46  -33
     -36  -34]]]


 [[[  29   95   41   21  -48  -80   20  -74   51    6   26  -31   36  -16   41   -9  -14  -17 -127  -81   31   -4
     -32  -87]]]


 [[[   1  -11   -5   -1   98   15  -13    0   23    2    2 -127   38   84   -4   -3    0  -28   -8  -35  -95   16
       0   -2]]]


 [[[  -4   -4  -57   20   26   12 -127   -3   29   29   41   43    5   45  -31   -3   13   39  -12  -55   38    9
       5  -11]]]


 [[[ -68   19  -10   -2  -25   42   51 -113  -17  -19  -31  -20 -127  -33   38    8   -5  -38  -10   34  -18  -14
       3  -18]]]


 [[[  75   33  -13  -23   -1 -108  -10   53  -13  -13  -27  -19  -14  -26 -127   -4   25   15  -48   19  -52  100
      -5  -23]]]


 [[[  42  -87   13  -51    0   18   -9   30   10   39  -24  -27  -29  -26   -9  -63 -127  -30   18  -45  -35   -3
      -7  -25]]]


 [[[  51   11  -25    4  -13    9   13  -16    0  -12   -5  -84  106  127  -33  -12   -7  -22  -15  -68  -95  -26
      -4  -15]]]


 [[[ -29  -18  -90    6   52  -34  123  -30   -7  -44  127   39   85 -111 -117  109   46   48   25  -59  -36   14
      15  -25]]]


 [[[  12  -20   -3   -1   59  -13    7  -12   -3  -17  -16   57  -49   31  -23   -3  -15  -12  -12  -83 -127  -44
     -13  -38]]]


 [[[ -12   25  -37  -46  -60   12  -44  -29    6 -127  -48  -49  -39  -54  -40  -37   12  -34  -87  -44  -48   -5
     -36 -121]]]


 [[[-127    6   68   18   41  -11   14  -15   17   27   15   32  106   41   60   59   25   12   90   32 -101   43
      41    6]]]


 [[[   1  -16  -64  -95   -2  -47  -18    3  -23   -5   26   -6    9    0  -21  -47  -55  127  -19    1   18   38
     -22   29]]]


 [[[ -28 -105  -17  -96   -8  -10   27  -96  -41   66  -85  -27  -46  -32  -15 -127  -12  -37   19  -71  -46    0
     -25  -31]]]


 [[[-127    8  -32  -11   12   33   13  -43   -7  -28  -38   20   -4   10  -17   -7    3  -14  -14   18   -9  -11
      -3  -20]]]


 [[[ -35  -45  -34 -106   28 -112   42   -2   21  -23  -12   10 -127  -28 -122  -89  -51  -47  -80  -99  -97  -36
     -87  -58]]]


 [[[  -4  -35   -9   -8  -38  -28   13  -58    7  -21   13  -40  -16  -35   10  -21    1  -50   -5  -15  -13  -17
      -4  127]]]


 [[[ -57  -47  -28  127  -15  -38   16  -29    5  -66   69   -1  -18   -3   11  -60   -7   33  -30   -3  -20  -40
     -65  -63]]]


 [[[  87  -75  127 -108  -10   -6  -93  -56   42  -47   23   -3   42   -4  -65  -81  -51  116   53   43  -12  -36
     -31    2]]]


 [[[  12   89  -20   24  -58   48   50  -49   17  -15  -14   29  -38   79  -74    5  -31   -6  -48 -127  -37  -16
       8  -29]]]


 [[[  -8  -24   15  -18    5    1  -27   -7  -18  -21   11  -59  -36   10  -43   -2   -4   -9  -17 -127  -56    4
      -7  -21]]]


 [[[ -39  -91  -44  -51  -13  -18  -98  -70   14  -86  -56  -23  -53  -40  -55   -9 -127   12   73  -24  -14   58
     -24   64]]]


 [[[ -14   62   41  -20  -32  -62  -61   37  -13  -91   44  -17  -46  -14  -40  -39  -15 -102   21  119 -122  -24
     -12 -127]]]


 [[[ -61   -5  -78  -28   15   34   -4  -44  -19   30   37   40   -8   36   -5   22   13   -8 -127   15  -23   56
      55   16]]]


 [[[ -17   31   31   24    0   -4   -3  -35  103  -31  -24    5   -2    6   -8  -48    8    3 -127   12    2  -13
      20    5]]]


 [[[-127  -14   53  -17  -29  -12   41  -36  -26   -3  -13  -27    0  -23   36  -17   -5   15  -18   -8   -3   35
     -32  -19]]]


 [[[-127   42  -43  -60  -19   71   -4   58   30 -118  -61  -25  -33  -34   18   -1   37  -29  -14   28  -74  -78
      17  -95]]]


 [[[-127  -10   -8   25  -18   -5  -22  -65   10  -10   15   -6   48  -11   41    2  -14    5  -30  -27  -65    6
       3  -12]]]


 [[[ -19   16   90  -43   -9  -65   11   90  -17    8  127  -28   17    0   44  -14   65   45  -23  -34   60   95
      32  -60]]]


 [[[ -61   17   97   36  -66  -33   42  -65  -59    9  127    3   13  -13    9  -18  -16    1  -18  -98 -111   13
     -49  -17]]]


 [[[  50  -16  -16  -23    4  -11    5   -5  -13  -12   44  -14   72  -11   31  -21  -21  -30  -31  -43  -21  127
      17  -18]]]


 [[[  24 -127  -22  -15   -5   57   33  -17   11  -19  -67  -12    5  -18   23   11   16   25   12   -5  -23   -6
       2   14]]]


 [[[ -23  -22   -2   -3  -31  -37  -79  -75  -10  -11  -21  -48 -127  -43  -14   -6   -2    8    0  -74   46  -84
     -10  -79]]]


 [[[ -72  -26 -107   28  -24  -19   -6 -101   47   44   41  -22  -16  -20  -46 -124 -127  -18   28   -4  -22  -12
     113  108]]]


 [[[  44  -42   43  -26  -47    0   49 -127  -11  -36   45  -66   65  -29   29  -20  -47  119  -43  -70  -71  -88
      54  -20]]]


 [[[  49  -29   43  127   11 -111  -27   -6   38  -68  -61   -7    3   -5   -7  -62  -33   71   33    3  -51  -14
      46  -37]]]


 [[[  30  -41   -1  -17  115    4  -42   22   43  -10   16  127  -98   93  -24   -1    8    8   10  -94 -124   30
      -3  -50]]]


 [[[ 127   30   54    5  -18   34   97   41    4   -7   10  -20   34   -9  -66  -40    1   37   19  -32  -66  -44
      13   52]]]


 [[[  12   11   14   16  107   17  -19    3   11   -2  -20 -127  -91   70  -36   -1  -10   15    0  -11  -13 -102
      -2    6]]]


 [[[  21   10  -33   17  -48   10   13   16   37    6    4  -40   23  -44 -107   -7   40   -1  -26  -67 -127  -30
     -72  -47]]]


 [[[  21  127  -34   34   69  -51   78  -62   -4   -1   -3  -20 -121   26  -92  -29  -39   39  -14  -72  -52   -3
       1  -58]]]


 [[[  74    3  -14   13  -13   14   10    4    5  -21   42   28   44 -127 -112  -14   -9   50  -14  -74   -8   24
     -28   -9]]]


 [[[ -67  -38    7  -97  -27  -26   -2   52   50  -85   90  -85   19 -107  127  -18   17  -29   73  -69   -9  -13
      50  -31]]]


 [[[ -22  -21   15  -36    2  -68  127   58    0   -3    0   -6    3   -8   -9    5   -7  -12   11   -1    5  -28
       3   -6]]]


 [[[  58   81   29   38  -59   66   17   72 -127  -27   19   39  120   -4  -88   27    4   64  -14   96   17   81
      15  103]]]


 [[[  16  -16   29   51    1 -112  -22 -113  -32   -6   48  -12    4    7   27  -91   21  -60    3 -127   -8  -51
      10    0]]]


 [[[  13   -2   -1   -2  -91   -8    6    8   12   -4   -9  127  -35   16  -13   -3    2   37    7  -35  -10  -72
       1   -4]]]


 [[[  79    3  -31   23   51   49   56  -32   39   16   51    3  105 -119   17   21   17    3  -49  -14   10  127
      33  -41]]]


 [[[ 102   -5  -54  -73  -51  -78  -40  -32 -127   46   22  -60   -6  -54  -56   28  -21  -36  -65  -79  -33  -79
     -17   22]]]


 [[[ 102  -48  -65   -7  -40 -127   27  -27  -76  -54   41  -23   31  -20  -77   33  -41   33   -7  -75  -64  -15
       0    6]]]


 [[[-105 -118   55  -85  -19  -19  -69  -75   72  -67  127  -20  -14  -27  -62  -43    9   27  -83   -4  -37  -23
       0  -16]]]


 [[[ -26   14   45    1  -26   71  -23   -1   37 -107  -29  -34  -18  -25  -21  127 -109  -23  -12  -43   -5  -16
     110  -48]]]


 [[[ -65  -64  102   62  -31  -52  -41  -73  -42  -23   55  -26  -25  -25  -30   23   77  -90  -81  -23  -54    4
     -33 -127]]]


 [[[  49   81   46  -19  -12   45 -127    1    3  -30  119   -1   53    6  -71   23    5   99  -19    6   67  -28
      70   18]]]


 [[[  -5  -48    3   37  -37  -47   32  -21  -39  -43   -4  -32  -28  -24  -21   60   -2   16 -127  -13  -72  -12
     -15  -85]]]


 [[[ -13  -68   62  -27   15  -46   -5  -57  -17  -33  127   15  -46  -24   68    1   -1   88   -6   10   46   14
     -48  -17]]]


 [[[ -16    4  -10   -4 -127  -26   -8   19   -2   -9   12   44   43  -77  -20   -6    0   30   -5  -32   34   38
      -2  -22]]]


 [[[  14   10   42   19    0   42   -8   -1    4   -9   37  -87 -121   18 -127  -14   -4   67    7   17   30  -25
     -15   26]]]


 [[[ 114  -34   14   21   11  -16  113  -78  -54   -1   68    2   18   -6  -24  -55  -69  127   56  -33  -37   14
    -106   77]]]


 [[[ -70   56   86   43  125  104   64 -127  -66  -35   82  -13  -12 -109   63   36    1  -23   46  -39  -82 -101
     -33  107]]]


 [[[ -30    7  -22  -28  -38   26   17  -14    8  -11    6  -73  107  -43   28   -4    3  -22  -28  -25  -54  127
      -8   10]]]


 [[[ -13  -18  -52  -31   -9  -54   58  -87   44   25  -57  -22  -34  -14  -76   76 -127   97  -43  -19  -17   -6
     -19   -3]]]


 [[[  52   23   24   31  -51   21  -19   31  -20   -4   -9  -78   -5  -46  -90  -17  -18  122  -30 -127  -27  -66
     -38   37]]]


 [[[  29  -43    9  -57  -51    0  -70  -60    2  -17   27  -96  -68  -93  -93  -50    4   -5   42    6  127  -48
     -38  -17]]]


 [[[  22    8  -15   31   44    3  -30  -28   21  -14   26   36  -40 -127  -22    3    0   37  -15  -46   54  -23
      -3   -9]]]


 [[[-127    1  -39   19  -26   44  -25  -28   -2  -15    7  -28   -9   -7   -9   18    1  -23   -6  -15  -10    4
       9    4]]]


 [[[  -1    0   34    3    1  -26  -14  -14  127    9  -28    0    2    0   -7   10   -4    6   -2   -4  -10    1
      -3    4]]]


 [[[  35  -17  -10  -11   -8    2    6    0   -4    3  -17   -9   51  -19 -127   -6  -20   95  -17  -60 -107 -114
      -5  -19]]]


 [[[ -41   37   12   77  -93  -67   69  -55  -17   65   47  -91  -75  -83  -75    8  -16  -18 -127 -115 -100  -58
      33    9]]]


 [[[  25  -12  127   44   -1  -55   17  -61    5   33    4   -6   62  -36   57   27  -76  -29  -25   16   -8   14
      21  -62]]]


 [[[ -50  -81  -21   16  -18   -1  -24  -85   12   59   18  -25  -18  -27  -30 -127  -51  -27 -110    0    8  -15
      13  -37]]]


 [[[  -6  -48 -115   29  -93   70   22  -17   -5  -19  -35 -113   32  -97  104  -21    7   24   16  107  127   33
      11   51]]]


 [[[ -15  -41  -23  -32  -62 -127  -16  -11   -2    1  -25  -50   10  -86  -45    4  -28  -75  -43  -19   -8  -31
      -8  -27]]]


 [[[  -1    4   -7    7  -52    3   -3   -1   -5   -2  -11  127  -10  -34  -24   -5    0   14   -5  -36   13   -8
       0  -15]]]


 [[[ 127   71   16   65  -63   80  -93  -59   35   31  -30  -80  -60  -64   12   13   27 -105   -8   -8  -80  -33
      24   34]]]


 [[[  39   14   17   64   -1   20    8   50   12  -41   25 -127   28  112  -81    0  -21   56  -30  -20  -49   15
      -7  -12]]]


 [[[ 105  110  119  -83   -5   11  -96   72  -88  -64   53   -3  127  -54 -112  -47 -125   79   35 -109 -114  -20
     -58   23]]]


 [[[-101  -36   95   34   19   31 -126  -11   39  -52  127  -17   77    3 -112   22   17   55   81   76   96   88
     -13   35]]]


 [[[  22   18   23   20   18    7    2   -3   -4  -21   20  100   16 -127  -24   -5    5    5   -2  -72  -52  -87
      -3    6]]]


 [[[ -50   10  127   -5   27  -50   52  -28   26   42   11   17   22  -22    8  -34   -6   11   45  -10    6  -41
     -59  -90]]]


 [[[  27   23   15   13  -23    6   32    1   -1   -9   15 -127  -48   15   -9  -11    6   29   -8  -61   33   11
      21  -14]]]


 [[[  98    9   33   40  -40   72   66  127   30   37  -75  -83   15  -87    2  -15   23  125   14  -60  -60  -52
       9  -22]]]


 [[[ 105   -4   25   17  -48   11  -26   13   29  -43   16  -53   43  -51 -127  -26  -16    3  -18   70  -33  -18
       1    8]]]


 [[[  11   -9  -30    4    0   92   -1   94  -48   21   45  -38   32  -35  -98  -25  -17  105   34  -70 -127   60
       3   18]]]


 [[[ -17   42   28   40  127   28  -10  -10    8  -12   44   -8  -11 -104  -36    2  -16  -40    5   41    3  116
     -11   63]]]


 [[[  36    7  -16   41   81   36  -18   30  -26   -7   47   78   19 -127 -106   -9  -12   54  -10   42  -17  -46
      -9   54]]]


 [[[ -36    0  -56   -5   18   40  101  -74   -5  -72   47   61 -127   18    3  -32  -41   41  -20  -68   11   90
     -47   27]]]


 [[[ -17   28   45  -15  -52 -102  -16  -89   -9   10   58  -54  -45  -53  -57   -7  -33   11    5  -74  -70  -29
    -127  -37]]]


 [[[   3   43  127   57   13 -101  -25  -69  -30  -60 -127   10   -4    6   28  -71   -9   98 -126  -36  -73  -13
      64    9]]]


 [[[ -95  -30   97 -127   47  121 -100  -47  -34   17   -1   41   15   15  -60   90   14   -4   99  100   22  -10
     -58  -46]]]


 [[[  29   94   73   31    8   24  -15  -19  -10    0   85  -60   17  -31   23   -2   37   49  -20  127   11   -5
      18   -2]]]


 [[[  34   23  -23    8   21   35  -37   22   15  -21  -12 -127   31   35 -112    2    2   13    3  -61  -43  -12
      21   16]]]


 [[[   0   35    5   12  -56   47   -9   16  -25   -4   15   31   12  -64 -127   -2  -16   71   -3   -6  -43   13
      -5   -2]]]


 [[[  80   41   66   39  -73  -23  -69  -58  -33  -57 -127  -45   28   27  -23  -24  -93  -38  -35   37  -12   26
     -68  -23]]]


 [[[ -79   47   48  -18   -5  -16  -24   -4  -14    5   45  -19  -14  -11   18    6  -23  127   36   11    7   94
      -2  -14]]]


 [[[ -64   71    4   -9   33   22  -66   63   44   17  -13  -97  127  -25 -114  -65    7   14  -17  -18   28  -20
     -13  -51]]]


 [[[  -5  -13  -41   -2  -30  -96   24  -24   45 -127   32  -29    3   13  -65   18   -2   61  -62  -44  -25    4
     -11   15]]]


 [[[   0    9   10    9 -122    4   21    1  -18   -2    2   75  -28  127  -28   -3   -5   30   11  -38  -31  -33
      -3    2]]]


 [[[-105    0   13   -3  -95   17   11  -42  -15  -28   52   45   70   66   51  -15  -22  -55  -10    6  -83  127
     -39   10]]]


 [[[-127   -3  -25    9  -33   25  -44  -52   26  -46   -1  -37  -28  -43  -49  -28   58   -9   40   62  -26   27
     -34  -21]]]


 [[[ -76  118  -78  -80  -58  -51   22 -127  -25  -43   -8  -58  -54  -41   -1   26  -49 -113  -63  -67  -51   10
      52  -77]]]


 [[[  59    6   15   70  127   33  -35  -20   29  -23   57   -8   53   41   59   71  -22   29   -6  -54    3   87
      21   -1]]]


 [[[-127    5   15    4  -12   37   13  -35   -3  -27    7   13  -16   20  -46  -13   -7   -9   10    0   42   -8
     -24    4]]]


 [[[  27   23  -27    1  -28    9    5  -32    9   15   12  -20  127    5  -50   10   -5  -58  -25    0  -23   -3
      -9    3]]]


 [[[-111  -43   38  -46    0 -105  -11 -127   52   16  -56  -35   13  -41   -5    9  -28   -1   -3  -37   -7   16
     -55   20]]]


 [[[ -76  -50   40  -12  -13  -12   -8  -50  -22   19  118   -2  -19   14  -18   52   44   64    8    1   -8  -27
      20  127]]]


 [[[ -34   19   95 -121  -29   -4  -72  -30  -13   28   -6  -52   11  -48  -77  -68  -65  -42   17  -23  -12  -22
      -7 -127]]]


 [[[ 127   -3  -31   -6   28   61  -40 -104   17    6    6   21   -2   13  -14   -1   -4   43  -18  -22    1  -38
      -6    1]]]


 [[[  86   37  -40    6   21   32  -41   22  -35  -26   -1  -19   81  -60 -120  -30  -35   17   22   -7 -127  -21
     -28   34]]]


 [[[ -14  -43   16   23    2 -127   61  -26  -35  -49   64  -26   51  -28  -17  -23   25   74   23    9  -10  -31
     -36  -23]]]


 [[[  48   -9  -27    7  -39  -51 -108  124   86   71 -111  -51  -49  -46  -63  -12   41  -10 -127  -78  -73  -12
      28   56]]]


 [[[ -13   14   10    8   32   25    9  -10   -1   -8   -7 -105    8  127    0   -1   11  -37   -6  -20  -85  -43
      -4    7]]]


 [[[  56   54    1   73  -35  -42  -44   67   37    4   14  -37  -17  -28  -17   18    4  -67  -46  -33  -22  -31
      14  127]]]


 [[[ -18   18   54   -6 -127   29   24  -10   -9   14   27  -30  -34   86   10   -2  -16   23   14   58  -44    9
      -9    2]]]


 [[[  81  -36   36   -8 -109  -10   -3  -11   -1  -25   41  -21   68   20  -47    6  -34    2  -36  -73 -127  122
     -29   17]]]


 [[[ -74   24   52   26   12  -51   14    9  -24  -25   81   21  -56   22 -127  -24   -9   67   23   41  -54   -8
      -7  -45]]]


 [[[ -34   -3  -30   -1  -84    6  -75  -30  -33  -23   25 -109   16 -127  -28    0   -4  -27  -30  -23  -18  -47
      -5   -9]]]


 [[[  -9   -1   -8    2   35    1   -2   11   14    1   -3 -127    9  -15   -9   -2   -1    0   -5    0  -10   15
      -4   -7]]]


 [[[ -76  -30  -69  -14  -23  -63   16   90   -4    5  -51  -23   14  -21 -127    3    3   10  -34   20  -12   11
      -2    1]]]


 [[[ -49   90  -59   58  -24  127  -26   75   -6  -33   15  -22  -39  -32  -65  -66   -7   97  -35  -74  -13   66
       3  117]]]


 [[[  17    8   -1   -1  -40   41  -27   21    3   -5   -4  -10   -4   27 -127  -19  -11    5    4  -26  -13  -30
     -12    3]]]


 [[[  31   -3   26   -3 -127   -4   54  -28   -6   -6   89    1   -5   74   43   -9    1   79  -10  -23   45    1
      14  -85]]]


 [[[ -77  -18   93  -43   -4    4  127  -38  -14  -23   34    7   40   16   42  -34    2   69   22  -24   51    4
       5   19]]]


 [[[  17    5   17    2 -127   -1  -27  -10    4  -26   15    3  -37  -12  -44   -6  -17   30  -13  -15   10    7
     -14   -9]]]


 [[[ -40  127   33   13 -100  -83  -36  -55    1    4   63  -88  -70  -43 -102 -100   21  -33  -81  -30 -118   18
     -63 -116]]]


 [[[  35   46   11   24   -4    0   69  -14   10    1  -20 -127  -26   55  -19    0   25   11   -6  -15  -22  -58
      24  -20]]]


 [[[ -16  -44 -127  -12  -30  -46   17   -2    5  -19  -20  -25   -9    3  -36   47   55   19   52  -20  -40   25
     -67   -5]]]


 [[[  34  -17  -15   -1  -45    8  -17   36   -1    7    6  -54 -100  -36 -127  -11  -12   93   -2   30   67  -46
     -12    5]]]


 [[[  60   -2  -81   25   -8   15    6   49 -127   -8   18   -9  -31  -16  -30  -33  -22  -54  -50    0  -11   17
       5   46]]]


 [[[  48   16   -4   15 -127    4   23   10    2  -20    8   -9  -56   -9  -45  -19   -2   31   -9  -31   20   40
      -9   31]]]


 [[[  35    5   -9    3   54   46  -24   13    4   -8   -3   -5   11  -66 -127  -16  -24   -6   -9  -42  -27  -30
     -16    4]]]


 [[[   6   19   52   10   36  -21   31   32   -5  -11   42   -6   63 -127   39   24   -5  -34   -1   -2   -7  -27
     -14  -15]]]


 [[[  31  -41  -46  -28  -18  -99    7  -70  -31   53    3  -62  -84  -63 -127   70    7   83  -64  -74  -33    0
     -25  -34]]]


 [[[  12   -2    8   17  127   -8   12   -5   -6   -8   -2  -75  -33   26  -28  -10   -4   17    0  -28  -43  -79
     -10    2]]]


 [[[  -8    2    4   11  -10    1   17  -22   26  123  -25  -13   -2  -12   -5  -79  127    1   14   -8   -7    8
     -90   27]]]


 [[[  25    1    1    1  -63   -4   -5   -3    3  -25   12   10 -122  -33 -127  -18  -11   62  -15  -48   85   28
     -32   -6]]]


 [[[ -52  -29  -15   16  -48    7    5  -11   28  127   -9  -60  -60  -74  -19  -96  -71  -85   38  -84  -61  -20
      -1  -83]]]


 [[[ 127    2  -32   -2    1   49  -98  -53   28  -13   47   -2   22   -9  -53   -2   16   31    3    1    2   -9
      20  -28]]]


 [[[ -45  127   36   29  -14   29  -78    1  -34  -40   38    4   16   -5   27  -47   42  104   22   41   71   17
       7  -93]]]


 [[[  74    1   34   13   61   12   26   39  -32  -16  -28   68   26   46  -72  -32    3   30  -25 -127  -19  -27
       1   49]]]


 [[[ -14  -37  -72  -25  -29  -46  -12  -71  -22  -52    1  -26  -43  -29  -54 -127  -54    3  -21   36  -65  -30
     -66 -120]]]


 [[[  62  -87   80  -73   11  -46   -2    5   38  -66   58  -33   43  -27 -127  -60   29  -15   19    3  -69   41
     -21  124]]]


 [[[  27   26    8   26 -127   47  -11  -15   11  -18   36  -65   11   78  -48  -13   -7  -27    0  -44  -55   53
      -9   40]]]


 [[[   3  -31   64   48  -19  -59  -33  -34   45  -36  127 -114   33   31  -23  -39   -4  115  -21    9   12   -1
      -7    6]]]


 [[[ -27   59   94   36  -35  -19  -31  104   -3  -17   67  -36   10   -8   -6   32  -10  127   23  102  -34  -33
      46  -21]]]


 [[[ 100    7   38    7   58   31   29   23   -5  -19   64  -49  127 -119  -14   -4   19   32  -14  -81 -121   99
     -18   34]]]


 [[[ -25  127  -34  -30   -6  -45  -28   -5   -3   37   20   -7  -11    2   -3  -12    3    8  -26    3   -9    0
       8  -20]]]


 [[[-127    8  -71    8    6   33   30  -34  -33    0  -52    8  -58    1   48   14  -53   65  -29  -36   -9   28
     -18  -41]]]


 [[[  20  127   13  -48  -13  -31   27   14  -10    3   52  -12  -31   -9  -22   26    6  -60  -39  -21  -35    0
      24  -29]]]


 [[[  40   41  -39    7 -125   12   13    2   52    5   45   69   38  -95   51    1    7    1  -36 -127    5   70
      12  -19]]]


 [[[ -89 -124  -39 -127  -29   -9   43  -53   81  -37  -54  -30  -54  -41   -1   22  -43  -43  -65  -59  -48   75
     -82  -51]]]


 [[[ -53    2   34  -22  -16  -27    8  -22   -1    1   51  -31  -39  -27  -39   48  -33   35  -41  -31  -35    9
    -127  -42]]]


 [[[ 127   68   -6   29  -17   26   19   26   39    8   44  -15   41  -21   27  -24   24   42   30   35   -5   -2
      30   21]]]


 [[[  52  -14  -30   30  -18   -1  -11  -29  -13  -15   33  -68 -102 -123  -27    8    8   70  -19   34   29  127
       0  -12]]]


 [[[ -43  -56   15  -96  -13  -27  -15  -17   -8 -106   65  -29    6  -20  -19  -87 -127  -23   41  -53   41   -2
     -52 -127]]]


 [[[ 107   52  -40   32   20   75  -61   17   18    6   -6  -56  127  -49  -81   47   -4    7  -73  -52 -100   77
      -3   49]]]


 [[[  34   34   13   46  -25   23   28  -51  -11   46   35  -56    3  -71 -127    7  -15   14   13  -70  -50   19
      29   95]]]


 [[[   8   11   -1   -1   34   10  -21  -18  -30   -8    8   47    8   45  -18    1   -9  -10   -4 -127    5  -11
      -6  -20]]]


 [[[ -83  -36   68  127    2  -32  -37 -121  -30  -44   36  -15   -9  -19  -14  -35    3   -6  -98   -9  -20  -35
       1 -112]]]


 [[[  54   39   34   18   47   15   45  -45   -6   66   15   69 -127   36   46   -4   50    5   11   26  -34   36
      32  -22]]]


 [[[  12   -5   17  -15   -3   -3  -10   -5  -23    9   31   -1    2    1   -4  -31  127  -16   -7   -8    0   -4
     -70   -8]]]


 [[[  18   40   22    1   21   34   43   35   13    0   18   10   85    4  -58   -4    2   44  -11  -11 -127  -76
      -9   17]]]


 [[[ -24  -21  -17  -15  -21    3  -31  -82   23   -2   22  -32  -33  -30  127   -5    3  -16   -5  -27   32   10
      -1  -21]]]


 [[[  21    0  -41   40    8  127    8  -34   46  -20  -30  -54 -106  -65 -105   -5  -34  -17  -59  -40  -25  -58
     -49   29]]]


 [[[ -86  -43   42  -26  -15  112  -11   26   66  127   12  -18   11  -21  -11  -40   18   41  -15  -13   -6  -18
     -35   51]]]


 [[[-100 -110  -20  -75  -78   23  -78  -95   37  -19  -12 -127  -71   -4  -46  -54  -12   22    2   15   11  -57
     -32  -84]]]


 [[[  35   16    7    2  -13  -25   17  -35    0    4  -77  -16    6  -14  -23   67 -127   68   -5  -34  -36   13
     -46  -50]]]


 [[[  -4    8   -1  -10   36   38  -65  -26  -57  -58  -35   17  -66   -5 -127  -21   -3   70   67  -38   56  -84
     -21   19]]]


 [[[ -28    9   24   54  -21  -57 -125 -127  -86   55  -31  -43  -27  -25  -74  -28  -53    6   31  -65  -57  -10
     -87  -71]]]


 [[[ -19   19   14   11   93    3   11   -3   -8   -8   -7  -71  -20   36   -7   -3   -2   24    8   -9  -28 -127
      -4    9]]]


 [[[  78   34  -27   27  -30   55   12  -18  126   16   50 -101    6    5   -5   57   20  -36  -30 -127  -51   14
      18  -18]]]


 [[[   4   -1  -39   23  -18  -78   97 -124   99  -22 -127  -15  -81  -72 -107  -76    5   47  -58  -44  -38   59
      33    6]]]


 [[[ -37   10   47  -43   -6   21  -36  -23    2   49   -6   -5   -2   -4  -47  -63 -114    2   15  -28    1    8
     127  -77]]]


 [[[-109   22   -1  -47  -54   73    7 -127  -40  -34  -17  -71   49  -54  -32   12    5  -10  -52   -7  -31  -13
      12  -32]]]


 [[[  91 -127   19  -24   10   40  -41   25   89  -11   51  -17   34   -8  -82   34   14   60   23  -46  -32    0
      14   46]]]


 [[[  -4  -20    2  -79    3  -59   -8  -11   11  -27   22    2    1    4   -1  -17    1   14    1    0   -6   -8
     -18  127]]]


 [[[  25   -2   20   10  -28   -4    4   19   -5   -7   12  -70  -45  127  -17   -6   -3   26    9  -39  -38   -6
      -3    4]]]


 [[[-127   25   62   15 -109   89   47   -6  -28   18   66  -97   18 -125  -41   33   -4   11   31   95  -53   55
     -29   64]]]


 [[[-109  -96  -60  -31  -76  -63  -80  -17  -59  -22  -21  -97  -86  -95  -54   83  -80   97 -100 -127  -91  -20
      -6  -26]]]


 [[[ -59   55  -51   29   23   95    4  -52   -5  -55   56   20  100   28   58  -57  -16   74  -22  -42 -127  118
     -18   64]]]


 [[[  21   29  -15   -1   91   12    4  -67    9   -9   -1 -127  -44  -88  -75  -22   -7  -19  -17  -71  -37  -24
     -18  -21]]]


 [[[ -42   17  -32   22  -17  -54   78    9  -51   22   15   -6  -54  -12   13 -127  -18  -53  -63   -9  -78  -20
     -26  -43]]]


 [[[   6   24   16    4   78   26  -10  -10    3  -33   10 -127  -22  -77  -55   -9  -17    5  -24   13   16    2
     -15   -7]]]


 [[[  96   22    4   57  -15   12   18   28   39    3   10  -37  -65   23   23  -13   18  127  -44  -88   30  -68
       0    1]]]


 [[[ -32   27  127   46  -24   58  -43  -59   67  -78  -83  -23  -14  -18  -20  -82  -39   48  -91   -6  -39   -7
     -31   45]]]


 [[[  13    5   -4   -3   53   16    9   -4   -2  -19  -10  127  -73  -17  -51   17  -16   -5    3  -60  -48  -85
       5  -33]]]


 [[[ -25  -21  -45   22   -9   -9    2   -2 -127  -11   13  -12  -34  -14   -9  -24  -25  -21  -38  -30  -23   -8
      10   38]]]


 [[[  19    4    6    3   14   14   10    5  -10   -3  -20  -91  -52  127  -18    1   -8   32    4  -16  -14  -36
       4  -15]]]


 [[[ 127    6  -18   12  -82   -9   99   15    2   27  -16  -64  -78    2  -57   30   27  127  -27  -64   48  -77
       3  -52]]]


 [[[ 102   68   10   59  -56  124   20   81   42  -13  -78   40   63  107  -33   29   23  127  -14   57  -78  -99
      67   -8]]]


 [[[ 114  -63   12  -82  -58    4   70  -80   45   22  -35  -76   39  -82 -127   36   -1  112  -57  122  -58    1
     -35  -52]]]


 [[[  35    4   13   46  -56  111 -127  -81  -28   28   89  -54  -12  -26  -13  -35   22   34   22    2  -16  -29
       4   31]]]


 [[[  49    2  -28  -21   88   -9  -25  -12   24  -16   47  -82  -47   15   20  -12  -24   -5   43  -32 -127 -105
     -34  -44]]]


 [[[ -72  -33   79   13   23   18  -16  127   57  -17  -77  -20  -23   12  -25   20   36   49   -9   17  -33  -17
     -11  -25]]]


 [[[ -14  -11  -22  127   -2  -29   28  -14    4    4   17   -4   -7   -4    0   -3   -6    1   10   -1   -2   14
     -13  -19]]]


 [[[  13   34  -41   23 -125    0  -27   29    6   20  -10   -2   98  -46   10    0  -14   27  -52   26  -32  127
     -13   14]]]


 [[[-109  -69  108   79  -11   31   85   42   37  -53   78  -40   88  -86   63  -27    4  127    7   53  -54   -3
      35    4]]]


 [[[  -1    0  -29   -2   -5   -4  -39    4    9 -127  -17    1  -12   -9    1    4   44   -7  -21    0   -8    9
     -67  -14]]]


 [[[   0   20   -3   -4   49  -11  -12    9  -14   -4    5  114   34 -118   -7   -3   -3   -3   -5 -127   34   21
       4   -2]]]


 [[[  45  -21 -104    8  -15  -15   67   41   11  -60  -29   -3   47  -17  -76  -47  -36   48  -21  -47 -127   67
     -11  -58]]]


 [[[ -11   -5  -17   -9   42  -17  -13    5   19   -3    2   16   25   -8   -2   -1    2   -9   -7 -127    8   -6
       0    1]]]


 [[[  14   -3   -7    8   -5   -7    9   42    5    5  -16  -12   50  -10 -127   -1    0   10   -4   19    2   -5
      -1   15]]]


 [[[ -18  -48   -1   41   -8  -24   -7  -53   -5  -44   51   -8   -9  -18  -24 -127  -59   -3   26  -29  -35   -7
     -42    9]]]


 [[[ -73  -48  -78  -43  -95  -31   38  -42  -49    3   82   92  127   95   81  -44  -49   95   -8  -56   11   96
      27  -20]]]


 [[[  -1    9    1   10  -28    8  -12    1    1   -6   14  127   66  -73   -5    5   -1  -14   -5  -50  -46   -7
       3    5]]]


 [[[  -4  -73   -3  127  -79    5  -15  -77   41  -31   90  -79  -27  -74 -110   47   33  -41  -44  -45  -17  -58
     -50  117]]]


 [[[ -22   -8   -9   34   -7    2  -23  -28   26  -47   19   -5   -5    1  -18  127  110   38 -126    2    1    9
     -60   29]]]


 [[[ -44    2   53   24 -106   17  -13    3  -32  -10   15  -27  -29   72  -36    8   15   37   44  127  -10   15
      16   19]]]


 [[[  -4  -20   16   -2  -13   20  -37  -14  -30  -22   19    3  -25  -16  -20   -2   -4  -16  -17  -75 -127   -1
     -11  -35]]]


 [[[ -18  -10   21   12    0   23  -13  -15   -8  -19   19  -72   -2  109  -11   -9   -2  -13    9    9 -127  -53
     -11    6]]]


 [[[ -29   31    0  -24  -27   -6   -4  -45   -4  -33   18  -32   -2  -28  -24   92   51   -2  -28  -27   -4   -6
    -127  -83]]]


 [[[  53   27  -30   32 -118    7  -16   35   15  -22   10   57  -69  -99 -127   13   29   92  -12  -49   78  -37
       6   50]]]


 [[[ -88  -31    1    2  -39    3  -97   11    3  -75   48  -42  -56  -45   -6  -52  -37 -127   22  -74  -61  -13
     -15  -99]]]


 [[[   6  127  -31  -36  -11  -23  -70    7  -20    0    3  -21   26   -5  -26    2  -31   44  -21   17   21   -3
      -7  -38]]]


 [[[ -42  -84  -17  -32  -39  -18   -6 -103   -2  -12   46  -78  127  -58   13  -11   34   32    9   15   11  -22
     -18  -48]]]


 [[[ -91   32   18    1  127   20  -38  -22   -7  -15   16  -31   35  -34  -13   -9   -3   -9   16   91   53   38
       3   11]]]


 [[[  57   21  -13    6  -85   11   12   27   -1   -6  -18 -127   22 -100  -43   -7  -13   27  -29   39  -16   44
     -16   -4]]]


 [[[ -44    5 -127  -40   -8   -3   28  -71   13    7  123  -32  -38  -49  -55  -22   78   96  -19  -45  -67    0
      24  -98]]]


 [[[ -35   17   15    4  -19  -25   -9  -33  -35  -52   38  -23  -14  -16  -26  127  -66   -1  -49  -42  -15  -15
      61  -30]]]


 [[[ -31    0   11  -17   -7    7    3  -17 -127    7   -7  -12   -1  -12    0  -25   10    8    7   -8   -4    6
      -4  -26]]]


 [[[ 127   33   15   26   -5   72  -10  -39   18  -11   57  -16  -14   -3  -63    3   29    4  -26  -86  -55   -9
     -43   51]]]


 [[[ 125  -35  -10  -22  -46  -53   52  -59   56  -10 -127   18   75  -28 -109    4   -8  -19  -37  -93   -6  -51
      43  -64]]]


 [[[ -89  -36  -69  -52   15   78  113 -127  -46    3   10   -1  -27   -5   34  -31   -2  -14   -1   -5  -11  -44
      14    9]]]


 [[[  38    3  -13    6   10    3    0  -14    4   -8   -1  127   26  -97  -26   -7   -6    3   -8  -43  -53  -30
      -4  -16]]]


 [[[ -61   34   36   30   21   28    0    0  -16  -42   64  127   77    3  -97  -41   29 -116  -34  111   26   22
      -8   31]]]


 [[[ -31  -80  -14  127   11   84  -63    4   -1    4    8   12   30   12    1  -23    8   23   21    8   70   10
       7  -60]]]


 [[[  31   31  -40   46   -6 -127  117  -87   89  -89  -52  -19   14  -37  -78 -107   38    3 -126  -24  -63    7
     102  -18]]]


 [[[ 108   75  -72   44  -57   86   -9   83   51   32    0  -70  -60  -47 -127   20  -23  -52  -59  -59  -67   46
     -11   13]]]


 [[[  -9    8   -3    2   26   15    1  -15    4   -1   -1   15 -127  -14  -36  -10   -3   42    6   20   45    1
      -4   12]]]


 [[[  62   12   -4  -10  -39    3    3    4    0   -7   29   99  116 -127 -108  -11   -3   45  -23  -83  -79   25
     -14   12]]]


 [[[  71  -21   39   43 -127   64   12   89  -49   13   65  -70   71  -23  -81   31  -12   43   32   77   -4   12
      -7   46]]]


 [[[-113  -68    8  -42  -17  -12  -38  -62  -41 -101   11  -30  -50  -28  -15    1 -127  -38  -64  -54  -17    7
      22   28]]]


 [[[  18   11   59   29  -18   29   19   30  -21  -18   58  -26  -98  -19 -127   -1  -12   53   14   -9   24  -40
     -16   27]]]


 [[[   8   98   13    3  -35    5   46   26   18  -33   65  -17  -22 -107  -12    9  -31   88   -8    8  127  -12
      -6   -7]]]


 [[[  -8  -16  -14  -32  -36   83  -15  -89  -52  -64   36  -46  -11  -41  -95  -18  -61   15  -29  -69  -42   23
      22 -127]]]


 [[[   1    3    0   -4   -2   -8   -4   11   -5   -2   -3  -72  -11  127  -12   -5   -6    3   -8  -78   -1   23
       4   -4]]]


 [[[ -31    8  124  -34  -10  -34   -8  -11  -26  -14  127  -24    1  -18  -62   20  -17   81   72  -56  -34  -15
      -1  -91]]]


 [[[ -44  -65 -110  -30  -59   27    5   22   70  -50  -50 -105 -109  -94  -84  -29  -54   84   28   62  127   91
     -44    7]]]


 [[[  13   16    9    8  -22    1    0    4    2    1  -11  102  -38  -21  -19    0   -4   24    3   -1  -40 -127
      -1   -7]]]


 [[[ -26  -48   40  -68   -8 -127  -76   50   25   20  -15   14    6   17  105  -32    9   -1  -11  -69  -39  -60
     -15   34]]]


 [[[  -5    2    7  -24   -1    9  -13   -6   -1   -2    7   -5    2   -6   -7   11 -103   24   10   -2   -4    8
     127   -7]]]


 [[[  80    4   -7   69   40  -24  -35   17   -3 -103   36  -67   96 -109 -127  -89  -26   20   24  -52  -84  -64
     -53   14]]]


 [[[  77   82  -56  -71   20   76  122   48   -8   90  -25   31   44   45   81   33  127    7   16   -3   49   26
      43  -99]]]


 [[[  -4  -22   12 -127  -13  -10  -29   -6    0  -34    3  -26  -27  -25  -14  -21  -15  -19  -16  -34  -30    8
       2  121]]]


 [[[ 119   45   17  -26  -32  -25   34   51  -29   28 -127  -39   29  -66  -30   11   45 -125   11  -45    0 -115
      51  -93]]]


 [[[ -60  -67  -90    2  -12  -89  -90  -66   65  -36   35   -6  -15   -4  -49    4   46    9   25  -56  -20   -7
       6  127]]]


 [[[ -98   10   68   16   76 -106   43   14    7  -12  127   37  -50   65   79   13   19   67  -28  118   22  127
      -6   76]]]


 [[[ -93  -56   17  -40    0   -9  -44  -37  -11   12   -2    6  -28    9  127   14   -9   17    7    9   -1    4
     -18  -40]]]


 [[[  24  -44  -21  -55    9  -58   -1    2  117    6    8   -8 -127  -12  -38   -6    6  -23  -24  -46   70  117
      11  -98]]]


 [[[  30   77   21   10  -39  -42   19  -93   80   22 -127  -55   -4  -56  -47    6  -27    6   47  -53  -63  -11
     -44  -31]]]


 [[[  27  -12   24   27   11  -18   16   -4   -5   -7   52  -19  103 -127   18   40    2    9    2   18    8   35
       3   10]]]


 [[[ -36  111  127   47  -44   24  -54  -24  -22   40   70  -54   -2  -16    8  -22   54   76  -69   14   22   80
      11  -79]]]


 [[[ -81   29   32   13   -7   36  -51   13   -8  -19   48   31  -75   45 -127    3  -60   35  -34   34  -45  -80
      -4   17]]]


 [[[  25  -51   39   29   17 -127   -6  -18   -1  -16   16  -17   66  -35   16  -14   63  115   93  -15  -18  -88
     -27   10]]]


 [[[ -23    0   -6  127  -22   45   30  -18   16   -5    6  -24  -41  -26  -32  -13   37  -56   -3  -36  -42    1
       7 -115]]]


 [[[  10  -29   -6   -1  -75  -52  127   41   33  -28   22  -83   21  -66  -23  -98   -9   51  -45  -45  -32  111
      19  -19]]]


 [[[   0  -32  -15   15  -18   -9    4  -32    1  127   41  -24  -13  -24  -17 -118  -66    3   57  -32  -28   -9
     125   34]]]


 [[[ -37   24   28   21 -127   40  -11    7    0  -18   12   -5  -41  104  -54   11   -8    5    6   33   -6   89
     -15   39]]]


 [[[  -7   -3  -64  -36  -27   58   54   -5   37  -58   42  -31   -4  -40  -16  -65   -5   89  -45  -75  -13    5
     -30  127]]]


 [[[  41  -13   28    2   -3   58  -14  -77    3  -17   81  -11   23   -2 -100   -8  -10  127    6  -32    0    4
     -22   40]]]


 [[[   7   -2  -29  -26   -4  -14  -29   -5  -36 -105   15  -15  -13  -14   -5  124  127   18   54  -16  -21   13
     -33   12]]]


 [[[  23  -51 -127  -17  -35   55   28   85   77  -19   83  -29  -26  -43   24  -71  -26  -35  -18   79  -29  -26
      -7    0]]]


 [[[  26   23  127  -44    6  -16    4    4   24  -57   99  -14   -4  -13  -29  -39   -3  -48  -13  -83  -34  -29
       5  -19]]]


 [[[ -77    7   69    3  -33  -38  127   89   -4    7  -17  -47  -24  -64   -2   14   27   76  -80  -80  -74   42
       9    3]]]


 [[[  13   64   43   38  109   38    4   48   35  -11   33   26   55 -109  -21   15   17  127    7  -26   -2  -76
      16   14]]]


 [[[  80   47   49   27   18  -23   47  110  -12   14    4   15  -18   29  -87   27    8   63  -49  -78 -127   -2
      13  -30]]]


 [[[  29  -19   -2   -6  127   -1    6   -6   34   14  -18 -102  -81   61   -2    0    0    1   -8  -21  -38  -45
      -1  -12]]]


 [[[ -28   -5    8    2  -13    7    3  -39   14  127   20  -11   -4   -5   -9  -63  -85  -14  -16  -13   -1  -10
     116   60]]]


 [[[  -4   -8   17    9    3   30   -2    2   21   16    1    7   -1    4   -2  -19  -15   18 -127    6    5    2
      21  -13]]]


 [[[ -14    7  -43   -9  -16  -11   25  -44  -10 -127  -78  -14    2  -12  -18  -32    0   26  -76  -35  -12  -15
      12   28]]]


 [[[  31    4   -8  -12  -30  -10    3  -20   22  -10    5   53  -13 -127  -37   -7  -11   24  -12  -42   -1  -25
       0  -27]]]


 [[[ 114    0    1    3    8   -7   23   15    0   11  -28    5 -108   -4 -127    6  -14   32  -19   -2   37  -11
       4    6]]]


 [[[  57   13  -14   25  -71   11  -59  -19   28  -15   27  104   -7 -127  -94   -3  -19   49  -10 -117    4  -21
      17   12]]]


 [[[  12  117  -35   -8    3  102  -33  -33  -26  -31   37   -3   -8    5  -30  -31   24  127  -59   28  -10   59
      -6   94]]]


 [[[ -60  -20  -65  -11   12 -127   61   83  -14   10    4   12    5   15   50  -27   10   67  -12   20  -35   28
      13  -69]]]


 [[[  32  127   37  -35   29   95   -6   50   12   89  -71   30  -32   26    6  124   17   -3   18  -34  -60   44
      18  -95]]]


 [[[   7  -26   42   -9   -3   57  -41  -53    0  -68  -23   -6    6   -9  -60  -28  -22   75   -4 -127   12   43
     -40    7]]]


 [[[-127   60    8   62   65   31   -5   18  -22  -12  -43    4  -29  -28  -62   -9  -40  -31  -18   10   -9   41
     -14   39]]]


 [[[ 127   25  -11   67    5  -35    3  100 -102 -119   -3  -12    2  -13 -125 -109   15   23  -48  -62  -24   16
     -18   -2]]]


 [[[   0   11  -11    7    7  -11  -15  -10  127   13  -22    7    2    6   -4  -11    3   13  -13    3   -6    0
      -1   10]]]


 [[[  66  -12  -25  -11  -72    6   24    3   13    5  -30 -127   65   27  -50  -10  -19   55  -33  -41  -73  -38
       8  -17]]]


 [[[   4    0   29   20    3   -9    9   14  -19  -16   77   -7   30   -7  -15    1   24  127  -58  -52  -36   -7
     -13   25]]]


 [[[ -26  127  -18  -38  -14  -66  -46  -38    1   21   65  -13  -43  -10  -36  -14    1  -16  -27  -20  -19   13
      10  -46]]]


 [[[   6   44  -12   22  -15    5    5  -92   84  -28 -127  -30    4  -27  -41  -32  -37   77   31  -34  -56   19
     -54   48]]]


 [[[ -37  -36   16  -11    7  -13  -20  -13    6  -16   31   14    0   18  -16  -80   80  -64 -127    6   18  -24
      -7    6]]]


 [[[ -41   11 -122   -9  -16   19   -2  -42  -10  -16   47  -22  -13  -22  -29   43  127   33   86  -19  -24    8
     -38  -14]]]


 [[[  42   24  -46   33  -44   62   23    2   33  -35   53  -51   20   15 -127   -5  -19   55  -11  -49    4   81
     -20  -18]]]


 [[[-127   -1  -32    1    2    7    1   59   -2   -7  -31   -1  -22   -6    9  -11   -4   36    3   -8  -23   19
      -6   24]]]


 [[[   5  -13   -5   -1    3   10  -30    2   28   -7    8  -14    5  -17  -31    6   11   36    0  -89  -43 -127
      -8   -3]]]


 [[[-127   13  -44  -11   -6   78  -94 -123  -30   -5    0   10  -10   15   42   -4  -46  -29   10   16   18  -15
     -45  -66]]]


 [[[   0  -12    3   -8  -24  -22  -20   10   30    0   10   24   10   69    1   -2    6    0    6 -127    6    9
       1   -5]]]


 [[[  26  -10   26    8  -26   13  -24   18    7  -22    8  -23  -58  -37 -127  -21  -15   77    6  -31  -23  -55
     -29   18]]]


 [[[  47  -10  -10    3 -127  -17    0    5   10  -18    4    8  -72   41  -88   -3  -20   54  -18  -51   10  -21
     -15   -1]]]


 [[[-127   -8   61  -63  -42   54  -94  -71  -14  -23   11  -72   46  -21  -95    2  -39   42    3  -19   11  -40
      49    6]]]]

=== BIAS ===
name    : build_efficientnetv2_b0_full_bnless/block4c_se_expand/Relu6;build_efficientnetv2_b0_full_bnless/block4c_se_expand/add;build_efficientnetv2_b0_full_bnless/block4c_se_expand/BiasAdd/ReadVariableOp;build_efficientnetv2_b0_full_bnless/block4c_se_expand/BiasAdd;build_efficientnetv2_b0_full_bnless/block4c_se_expand/Conv2D;build_efficientnetv2_b0_full_bnless/block1a_project_activation/add/y
index   : 146
shape   : [384]
dtype   : <class 'numpy.int32'>
quant   : {'scales': [8.748230175115168e-05, 0.00013660093827638775, 3.191671203239821e-05, 0.00017880502855405211, 0.00015867275942582637, 0.00010017176828114316, 3.8502508687088266e-05, 3.6007986636832356e-05, 0.0001944225950865075, 8.607217750977725e-05, 0.00013467215467244387, 5.5617649195482954e-05, 0.00012490923108998686, 2.615850644360762e-05, 2.9465167244779877e-05, 9.203866648022085e-05, 9.29251909838058e-05, 6.200526695465669e-05, 0.00012202639481984079, 0.0001050524297170341, 3.5694250982487574e-05, 5.255658834357746e-05, 8.680792234372348e-05, 2.5843763069133274e-05, 4.8205671191681176e-05, 7.977881614351645e-05, 4.944756437907927e-05, 7.073432061588392e-05, 0.00017800554633140564, 5.3955853218212724e-05, 8.099082333501428e-05, 3.19520513585303e-05, 0.0001854853908298537, 4.756129055749625e-05, 7.008965621935204e-05, 0.00013634048809763044, 0.00016225197759922594, 5.0525770348031074e-05, 0.00013455555017571896, 7.989410369191319e-05, 8.354443707503378e-05, 0.00012731061724480242, 0.00017027983267325908, 0.0001545576233183965, 0.00010609668242977932, 9.628523548599333e-05, 0.0001604421267984435, 3.2550648029427975e-05, 4.5670934923691675e-05, 8.010962483240291e-05, 5.26660805917345e-05, 9.142778435489163e-05, 3.2431798899779096e-05, 4.997538053430617e-05, 0.00014974825899116695, 0.00020524938008747995, 0.00015079417789820582, 3.2345738873118535e-05, 3.131300400127657e-05, 7.770239608362317e-05, 0.0002986275067087263, 4.412557609612122e-05, 8.431342575931922e-05, 4.9098041927209124e-05, 0.00011946437007281929, 4.121806341572665e-05, 1.568820334796328e-05, 4.270836143405177e-05, 0.0001810704416129738, 5.254339339444414e-05, 0.00012142198102083057, 0.00012988242087885737, 3.4503693314036354e-05, 2.9683555112569593e-05, 6.549300451297313e-05, 4.265664392733015e-05, 3.2875068427529186e-05, 3.670903606689535e-05, 0.0001530601002741605, 3.7175417674006894e-05, 5.328724000719376e-05, 4.620500112650916e-05, 0.0001350626116618514, 0.00014391941658686846, 6.0697981098201126e-05, 5.036078073317185e-05, 8.132937364280224e-05, 0.0001376126310788095, 2.5759780328371562e-05, 5.1032235205639154e-05, 4.652448478736915e-05, 2.9204027669038624e-05, 0.00014401909720618278, 0.00012551962572615594, 8.981234714156017e-05, 7.180740794865415e-05, 5.5993019486777484e-05, 0.0001091511148842983, 2.587489871075377e-05, 0.00020730914548039436, 6.294633931247517e-05, 3.837031181319617e-05, 7.15406276867725e-05, 6.20638020336628e-05, 0.00011313861614326015, 3.0401359254028648e-05, 9.647339902585372e-05, 9.73963615251705e-05, 3.6222267226548865e-05, 3.7323698052205145e-05, 6.883125024614856e-05, 5.773003431386314e-05, 8.872161561157554e-05, 3.858521449728869e-05, 0.0001635134976822883, 0.00010642193228704855, 6.139477773103863e-05, 7.013897993601859e-05, 3.422991358092986e-05, 2.6797872124006972e-05, 5.708705066354014e-05, 0.00015941719175316393, 6.423647573683411e-05, 9.232937009073794e-05, 3.502586332615465e-05, 4.0770431951386854e-05, 0.000173354652361013, 5.884223719476722e-05, 0.00012651222641579807, 4.01766192226205e-05, 2.413581205473747e-05, 4.35479887528345e-05, 2.8677022783085704e-05, 0.0001710135256871581, 3.3356416679453105e-05, 4.7372148401336744e-05, 0.00014608846686314791, 3.3543263270985335e-05, 5.907806917093694e-05, 3.510928218020126e-05, 4.640174665837549e-05, 0.0001085414769477211, 3.257219213992357e-05, 2.902632149925921e-05, 6.316075450740755e-05, 3.486863715806976e-05, 0.00011125907622044906, 6.840311107225716e-05, 6.147766544017941e-05, 2.866235990950372e-05, 8.620639709988609e-05, 4.770811210619286e-05, 3.185354944434948e-05, 4.433146023075096e-05, 5.466446964419447e-05, 6.781950651202351e-05, 0.00036276417085900903, 5.739268090110272e-05, 7.39300885470584e-05, 3.9446040318580344e-05, 6.306112481979653e-05, 4.622284177457914e-05, 4.8259385948767886e-05, 0.00017564882000442594, 3.812093927990645e-05, 5.2209819841664284e-05, 2.2236052245716564e-05, 3.0057706680963747e-05, 8.61019580042921e-05, 4.631729461834766e-05, 8.160946890711784e-05, 5.7460623793303967e-05, 8.697253360878676e-05, 4.7147885197773576e-05, 5.907025479245931e-05, 4.832346166949719e-05, 4.669635745813139e-05, 5.954494554316625e-05, 5.315396629157476e-05, 3.3064981835195795e-05, 3.176073732902296e-05, 4.447127503226511e-05, 4.2624502384569496e-05, 3.5000750358449295e-05, 5.102498107589781e-05, 2.1694180759368464e-05, 5.1079194236081094e-05, 0.0001612316264072433, 4.2909985495498404e-05, 7.877252210164443e-05, 4.113363320357166e-05, 3.2158553949557245e-05, 7.988555444171652e-05, 0.0001551084133097902, 6.872906669741496e-05, 8.581447036704049e-05, 5.9305490140104666e-05, 0.00014558524708263576, 4.560883098747581e-05, 5.782114385510795e-05, 5.774015517090447e-05, 0.00012956208956893533, 0.00010626199218677357, 5.949956539552659e-05, 4.0215742046711966e-05, 2.869558556994889e-05, 5.294239963404834e-05, 0.0001766024506650865, 0.00011057426308980212, 8.191576489480212e-05, 0.0001016930618789047, 4.526442717178725e-05, 0.00010452596325194463, 9.069498628377914e-05, 3.723387999343686e-05, 5.03873270645272e-05, 6.485242920462042e-05, 7.063728844514117e-05, 0.000114447895612102, 0.00012944694026373327, 8.252089173765853e-05, 5.151673758518882e-05, 3.916148853022605e-05, 0.00014230517263058573, 0.00016946678806561977, 5.040906398789957e-05, 7.082663069013506e-05, 0.00010984716209350154, 4.824871211894788e-05, 3.39167017955333e-05, 7.728137279627845e-05, 4.376699871500023e-05, 9.630757995182648e-05, 3.8856403989484534e-05, 4.012699719169177e-05, 3.384257070138119e-05, 0.0002933217620011419, 9.291069000028074e-05, 0.00019720457203220576, 4.614474164554849e-05, 4.394640200189315e-05, 0.00010592417675070465, 7.259172707563266e-05, 4.4452306610764936e-05, 3.921469033230096e-05, 2.984772072522901e-05, 3.699584340211004e-05, 0.00030361348763108253, 3.838673364953138e-05, 6.158265750855207e-05, 0.00020931738254148513, 7.005884253885597e-05, 0.00014907326840329915, 4.3975775042781606e-05, 9.477280400460586e-05, 2.5845456548267975e-05, 8.451739995507523e-05, 4.261048889020458e-05, 6.866692274343222e-05, 0.00016906581004150212, 2.7778927687904797e-05, 3.94194430555217e-05, 0.00011979255941696465, 5.4751300922362134e-05, 5.235221760813147e-05, 0.00021335492783691734, 0.00014992027718108147, 5.6159726227633655e-05, 4.070136492373422e-05, 7.621987606398761e-05, 4.735275433631614e-05, 0.00011173947859788314, 6.0940994444536045e-05, 4.678224286180921e-05, 8.278925088234246e-05, 7.015260780462995e-05, 0.00011347696272423491, 0.00015584136417601258, 4.534569234238006e-05, 2.421329918433912e-05, 3.800357808358967e-05, 6.313501944532618e-05, 3.570476474124007e-05, 4.729329884867184e-05, 0.0002217258734162897, 5.583383244811557e-05, 2.981113357236609e-05, 8.515140507370234e-05, 0.0001548416039440781, 6.3636529375799e-05, 0.00017826409020926803, 0.0002641023602336645, 9.013101225718856e-05, 2.7018018954549916e-05, 0.0001680286950431764, 5.8742472901940346e-05, 0.0001428665709681809, 5.623150718747638e-05, 7.956978515721858e-05, 0.00014163342711981386, 9.855420648818836e-05, 4.144301055930555e-05, 5.204851913731545e-05, 0.00020234883413650095, 4.885115413344465e-05, 5.703474016627297e-05, 8.494243229506537e-05, 8.170254295691848e-05, 0.00015627467655576766, 0.00018772276234813035, 6.805713201174513e-05, 2.3684035113546997e-05, 6.041334563633427e-05, 0.0001421798806404695, 2.9586333766928874e-05, 9.010145731735975e-05, 3.9094247767934576e-05, 3.520346945151687e-05, 0.00021637177269440144, 4.666370296035893e-05, 3.193454904248938e-05, 5.8354093198431656e-05, 7.065362296998501e-05, 3.6021647247252986e-05, 5.7980148994829506e-05, 0.00018590704712551087, 7.714216917520389e-05, 3.79630146198906e-05, 0.00017609770293347538, 4.061091021867469e-05, 0.00022213856573216617, 3.358160029165447e-05, 6.987492088228464e-05, 0.00019414549751672894, 5.534780939342454e-05, 7.791184907546267e-05, 2.8490516342571937e-05, 0.00013521303480956703, 7.904000813141465e-05, 7.584024569950998e-05, 5.093841900816187e-05, 2.9496171919163316e-05, 2.8455118808778934e-05, 4.849969991482794e-05, 9.556152508594096e-05, 2.821590896928683e-05, 0.00013007127563469112, 7.431238918798044e-05, 0.00011678103328449652, 0.00010770844528451562, 0.0001519833895144984, 0.00014818343333899975, 4.8415222408948466e-05, 8.120873098960146e-05, 6.227568519534543e-05, 3.2033338356995955e-05, 0.000141329292091541, 0.0001569018349982798, 0.00024512287927791476, 0.0001263949670828879, 6.754307105438784e-05, 0.00015148238162510097, 3.676650521811098e-05, 4.833976709051058e-05, 0.0001058593625202775, 8.74900579219684e-05, 6.281000969465822e-05, 3.826907413895242e-05, 7.389454549411312e-05, 0.00038612980279140174, 5.7991997891804203e-05, 6.40571306576021e-05, 0.00011911615001736209, 7.17592120054178e-05, 0.00011198737047379836, 0.00013067579129710793, 3.82319740310777e-05, 0.00018634925072547048, 6.907436181791127e-05, 7.900021591922268e-05, 0.00018931308295577765, 5.724972652387805e-05, 6.148572720121592e-05, 2.8576901968335733e-05], 'zero_points': [0, 0, 0, 0, 0, 0, 0, 0, 0, 0, 0, 0, 0, 0, 0, 0, 0, 0, 0, 0, 0, 0, 0, 0, 0, 0, 0, 0, 0, 0, 0, 0, 0, 0, 0, 0, 0, 0, 0, 0, 0, 0, 0, 0, 0, 0, 0, 0, 0, 0, 0, 0, 0, 0, 0, 0, 0, 0, 0, 0, 0, 0, 0, 0, 0, 0, 0, 0, 0, 0, 0, 0, 0, 0, 0, 0, 0, 0, 0, 0, 0, 0, 0, 0, 0, 0, 0, 0, 0, 0, 0, 0, 0, 0, 0, 0, 0, 0, 0, 0, 0, 0, 0, 0, 0, 0, 0, 0, 0, 0, 0, 0, 0, 0, 0, 0, 0, 0, 0, 0, 0, 0, 0, 0, 0, 0, 0, 0, 0, 0, 0, 0, 0, 0, 0, 0, 0, 0, 0, 0, 0, 0, 0, 0, 0, 0, 0, 0, 0, 0, 0, 0, 0, 0, 0, 0, 0, 0, 0, 0, 0, 0, 0, 0, 0, 0, 0, 0, 0, 0, 0, 0, 0, 0, 0, 0, 0, 0, 0, 0, 0, 0, 0, 0, 0, 0, 0, 0, 0, 0, 0, 0, 0, 0, 0, 0, 0, 0, 0, 0, 0, 0, 0, 0, 0, 0, 0, 0, 0, 0, 0, 0, 0, 0, 0, 0, 0, 0, 0, 0, 0, 0, 0, 0, 0, 0, 0, 0, 0, 0, 0, 0, 0, 0, 0, 0, 0, 0, 0, 0, 0, 0, 0, 0, 0, 0, 0, 0, 0, 0, 0, 0, 0, 0, 0, 0, 0, 0, 0, 0, 0, 0, 0, 0, 0, 0, 0, 0, 0, 0, 0, 0, 0, 0, 0, 0, 0, 0, 0, 0, 0, 0, 0, 0, 0, 0, 0, 0, 0, 0, 0, 0, 0, 0, 0, 0, 0, 0, 0, 0, 0, 0, 0, 0, 0, 0, 0, 0, 0, 0, 0, 0, 0, 0, 0, 0, 0, 0, 0, 0, 0, 0, 0, 0, 0, 0, 0, 0, 0, 0, 0, 0, 0, 0, 0, 0, 0, 0, 0, 0, 0, 0, 0, 0, 0, 0, 0, 0, 0, 0, 0, 0, 0, 0, 0, 0, 0, 0, 0, 0, 0, 0, 0, 0, 0, 0, 0, 0, 0, 0, 0, 0, 0, 0, 0, 0, 0, 0, 0, 0, 0, 0, 0, 0], 'axis': 0, 'scale_tuple': 0.0, 'zp_tuple': 0}
values(int):
[ 11724   9421 102370  11412   6719  26151  71002  82022  10786  41223  17710  36397  15478 121034 114625  21138  27105
  57945   9928  11424  92870  57639  26613 126667  64517  21041  48759  34645   6591  61386  30361 101845  10841  72942
  34331  16344   9291  51487  27402  37602  41639   7027  15038  12827  14129  20817  16584  92089  22377  23701  50088
  16174 105133  64250  13063  10750  17810  88981  85246  37504   6104  61122  22926  30291  16477  81123 205906  41502
   5116  39729  12723  14493  79091  81334  37183  93293 100529  73913  12912  90271  59478  71113   2968   9535  46504
  65735  36815  11366 113249  48408  45348 110937  13109  20773  31894  38183  29209  18356 122729  11536  62300  92220
  45130  20645  28186  29761  27377  21049  78910 103435  29063  14879  36035  85717  11415  25790  48699  29937  93129
 122056  53519   9145  26922  14607 107315  42689   7912  54816  15971  67852 164543  63116 122351  18552  85977  87737
   7200  97196  33067  82528  38159  29119  62625  90717  21037 102949   7656  41513  40491 122608  22170  46961  94290
  76358  55034  48205   4764  52034  22381  88462  17038  47554  33022   7819  89192  63554 150071  99440  27490  58805
  26713  42048  24475  50978  52669  77545  70159  24651  68858  92590  96307  72971  85178  88272  58807 145353  44121
   6686  65434  37140  82734  89420  41612  13318  24843  20249  47175   2407  74919  59524  60789  15676  19564  59461
  76254 111432  27371   6790  28374  11733  29083  68840  11301  31241  71992  62117  44444  42893  25111  23527  36818
  65649  68201   8418   9205  55563  21144  25990  37096 107409  55515  82357  33254  84949  80124  89282    899  30676
   9618  68008  25779  14515  35782  66710  56849 102967  87975   4444  93203  51352   5977  38930  16601  83761  19567
 118559  38253  78392  21338   3699 109011  75548  17428  59404  52891   5796   6402  45141  60431  19944  68105  27980
  44172  74178  32875  31119  27589   9727  57649 135844  81702  44593  86211  66936   6630  51766 119407  19468   5463
  41659  15486   6117  11375 124101   9968  41608  13990  61963  16883  10150  29727  79387  24803    446  60679  53893
  34165  14741  15726  13344  52321 131060  51013  11824  81675  31076  68470  93901   6639  60234 102938  22398  43730
  83977  20188   4935  36701  67182   5846  83136   7235  93902  51541  15469  60334  34867 114752  20273  27368  31469
  68629 107996 121372  65992  31654 121177  11974  45909   2751   4966  11763   9005  57483  30951  35283  93543  12181
   9742   5401  31857  39825  15206  82359  56041  22880  11277  35160  93800  34430   2695  41738  49679  10788  43078
  20054  13813  84846  15924  42192  25397  11062  53615  51078 112082]

=== OFM ===
name    : build_efficientnetv2_b0_full_bnless/block4c_se_expand/Relu6;build_efficientnetv2_b0_full_bnless/block4c_se_expand/add;build_efficientnetv2_b0_full_bnless/block4c_se_expand/BiasAdd/ReadVariableOp;build_efficientnetv2_b0_full_bnless/block4c_se_expand/BiasAdd;build_efficientnetv2_b0_full_bnless/block4c_se_expand/Conv2D;build_efficientnetv2_b0_full_bnless/block1a_project_activation/add/y1
index   : 262
shape   : [1, 1, 1, 384]
dtype   : <class 'numpy.int8'>
quant   : {'scales': [0.0235294122248888], 'zero_points': [-128], 'axis': 0, 'scale_tuple': 0.0235294122248888, 'zp_tuple': -128}
values(int):
[[[[ -96  -92   20  -51 -117  -47   -9    6  -21  -20  -60  -71 -101   28    7 -128  -12   48  -54 -122   24   -3
     -19   -3   11  -79  -82  -25  -53    6  -23  -18  -94  -68  -87  -15  -86  -33   33  -32  -28  -82    8 -128
     -86  -35  -22   22 -128  -13  -57  -99    7   22  -34 -125  -82  -22   -3  -19  -82  -22 -116 -128  -49   10
      26  -73  -54  -62 -128  -68   -7  -37  -74   32   36  -38 -107    8   12    0  -60  -32  -43  -31  -33  -58
      18  -25  -27    8  -57  -33  -39  -45 -121  -57   22 -128  -43   61   23 -128  -15 -128  -49  -26  -26   22
     -91 -128  -87   18  -60    1  -29  -35   39   15    3  -83 -127 -128   42  -54 -128   29  -72  -37   37  -24
      21   43   28   24  -96   30 -108  -20  -89  -66  -69   -4  -91   45 -104  -25   23   40  -36  -51   -4  -40
      -8   -5 -105  -21  -99   20 -128  -11 -120 -101  -18   26    3    6  -44   -8  -29   13  -90  -13   10   37
      21 -115   37  -15   32   -9   19  -33   40   -1  -36  -75   -3  -37  -33   21   -1  -80 -101    3 -101 -128
      -6   49  -34  -46  -61   36  -13    9 -113  -89  -48  -47  -69   34   22  -46  -54   15  -14  -27  -45  -18
     -60   27  -41  -80  -22  -40 -128  -44  -12   28  -38   -1  -20   35   51   18  -85   12  -78   11 -128  -91
      42   -2  -81    0    2 -128    8   39  -50   16  -26  -15  -32  -34  -17  -13 -128  -76   -4  -29 -128  -17
     -21  -74  -79   -2  -70   18  -28  -32  -33   52  -42  -70  -27  -57   -2   37   -7  -18  -10   13   -5   10
      68  -80 -113  -30  -44 -128 -128   41  -70  -61   25   36 -120  -84  -27    4 -128 -126   -2   17  -22  -59
     -66  -32   13  -22    6  -94  -31    3  -23  -17  -87  -18   23 -128   -9   24 -128  -99   -2  -43 -110    8
     -97  -15  114 -119  -44  -49   58    5 -102  -81   44   29    5   42  -34   24  -98   15  -67  -75  -10  -94
     -31   35   30    9  -78  -97  -64    9  -42 -111  -23   32   51  -68  -60   17  -46  -91  -35   63 -114  -14
     -74  -10    8   39  -24  -91  -66  -26  -25  -13]]]]

=== REQUANT (computed) ===
s_in: 0.03584391996264458, zp_in: -118
s_w[0:8]: [0.002440645592287183, 0.0038109931629151106, 0.0008904358837753534, 0.004988433793187141, 0.004426768980920315, 0.002794665517285466, 0.001074171275831759, 0.0010045772651210427]
zp_w[0:8]: [0, 0, 0, 0, 0, 0, 0, 0]
s_out[0:8]: [0.0235294122248888, 0.0235294122248888, 0.0235294122248888, 0.0235294122248888, 0.0235294122248888, 0.0235294122248888, 0.0235294122248888, 0.0235294122248888]
zp_out[0:8]: [-128, -128, -128, -128, -128, -128, -128, -128]
M[0:8]: [2043990962, 1595814568, 1491443825, 2088855838, 1853664419, 1170237719, 1799193121, 1682625988]
n[0:8]: [8, 7, 9, 7, 7, 7, 9, 9]

--- VERIFY SAMPLE OUTPUTS (CONV family, grid) ---
stride=(1, 1), padding=SAME, kernel=(1,1), grid=1x1 points
pos(h,w),ch | acc | M | n | zp_out | y_calc | y_ref | match

--- DEBUG ACC for (h=0, w=0, ch=0) ---
x[0,0,0]=-126 * w[0,0,0,0]=-53 => 6678
x[0,0,1]=-70 * w[0,0,0,1]=22 => -1540
x[0,0,2]=-112 * w[0,0,0,2]=34 => -3808
x[0,0,3]=-70 * w[0,0,0,3]=5 => -350
x[0,0,4]=-87 * w[0,0,0,4]=11 => -957
x[0,0,5]=-109 * w[0,0,0,5]=-99 => 10791
x[0,0,6]=-42 * w[0,0,0,6]=-80 => 3360
x[0,0,7]=-88 * w[0,0,0,7]=-127 => 11176
x[0,0,8]=-124 * w[0,0,0,8]=-9 => 1116
x[0,0,9]=-104 * w[0,0,0,9]=9 => -936
x[0,0,10]=-68 * w[0,0,0,10]=-60 => 4080
x[0,0,11]=-106 * w[0,0,0,11]=-8 => 848
x[0,0,12]=-72 * w[0,0,0,12]=-12 => 864
x[0,0,13]=-88 * w[0,0,0,13]=-6 => 528
x[0,0,14]=-28 * w[0,0,0,14]=-59 => 1652
x[0,0,15]=-91 * w[0,0,0,15]=59 => -5369
x[0,0,16]=-58 * w[0,0,0,16]=-23 => 1334
x[0,0,17]=1 * w[0,0,0,17]=113 => 113
x[0,0,18]=-113 * w[0,0,0,18]=3 => -339
x[0,0,19]=-87 * w[0,0,0,19]=-19 => 1653
x[0,0,20]=-106 * w[0,0,0,20]=-60 => 6360
x[0,0,21]=-99 * w[0,0,0,21]=39 => -3861
x[0,0,22]=-104 * w[0,0,0,22]=4 => -416
x[0,0,23]=-81 * w[0,0,0,23]=31 => -2511
sum_xw=30466, sum_x=-2032, sum_w=-285
-zp_in*sum_w=-33630, -zp_w*sum_x=0, +K*zp_in*zp_w=0
+bias=11724
acc(before clip)=8560
(0,0),0 | 8560 | 2043990962 | 8 | -128 | -96 | -96 | OK

--- DEBUG ACC for (h=0, w=0, ch=1) ---
x[0,0,0]=-126 * w[1,0,0,0]=6 => -756
x[0,0,1]=-70 * w[1,0,0,1]=-30 => 2100
x[0,0,2]=-112 * w[1,0,0,2]=0 => 0
x[0,0,3]=-70 * w[1,0,0,3]=-6 => 420
x[0,0,4]=-87 * w[1,0,0,4]=127 => -11049
x[0,0,5]=-109 * w[1,0,0,5]=-4 => 436
x[0,0,6]=-42 * w[1,0,0,6]=-22 => 924
x[0,0,7]=-88 * w[1,0,0,7]=7 => -616
x[0,0,8]=-124 * w[1,0,0,8]=37 => -4588
x[0,0,9]=-104 * w[1,0,0,9]=-6 => 624
x[0,0,10]=-68 * w[1,0,0,10]=-5 => 340
x[0,0,11]=-106 * w[1,0,0,11]=-126 => 13356
x[0,0,12]=-72 * w[1,0,0,12]=-29 => 2088
x[0,0,13]=-88 * w[1,0,0,13]=80 => -7040
x[0,0,14]=-28 * w[1,0,0,14]=-8 => 224
x[0,0,15]=-91 * w[1,0,0,15]=-14 => 1274
x[0,0,16]=-58 * w[1,0,0,16]=4 => -232
x[0,0,17]=1 * w[1,0,0,17]=11 => 11
x[0,0,18]=-113 * w[1,0,0,18]=6 => -678
x[0,0,19]=-87 * w[1,0,0,19]=-32 => 2784
x[0,0,20]=-106 * w[1,0,0,20]=-71 => 7526
x[0,0,21]=-99 * w[1,0,0,21]=-22 => 2178
x[0,0,22]=-104 * w[1,0,0,22]=-6 => 624
x[0,0,23]=-81 * w[1,0,0,23]=-27 => 2187
sum_xw=12137, sum_x=-2032, sum_w=-130
-zp_in*sum_w=-15340, -zp_w*sum_x=0, +K*zp_in*zp_w=0
+bias=9421
acc(before clip)=6218
(0,0),1 | 6218 | 1595814568 | 7 | -128 | -92 | -92 | OK

--- DEBUG ACC for (h=0, w=0, ch=2) ---
x[0,0,0]=-126 * w[2,0,0,0]=-85 => 10710
x[0,0,1]=-70 * w[2,0,0,1]=50 => -3500
x[0,0,2]=-112 * w[2,0,0,2]=19 => -2128
x[0,0,3]=-70 * w[2,0,0,3]=96 => -6720
x[0,0,4]=-87 * w[2,0,0,4]=19 => -1653
x[0,0,5]=-109 * w[2,0,0,5]=-51 => 5559
x[0,0,6]=-42 * w[2,0,0,6]=-57 => 2394
x[0,0,7]=-88 * w[2,0,0,7]=-43 => 3784
x[0,0,8]=-124 * w[2,0,0,8]=65 => -8060
x[0,0,9]=-104 * w[2,0,0,9]=-29 => 3016
x[0,0,10]=-68 * w[2,0,0,10]=44 => -2992
x[0,0,11]=-106 * w[2,0,0,11]=-22 => 2332
x[0,0,12]=-72 * w[2,0,0,12]=-2 => 144
x[0,0,13]=-88 * w[2,0,0,13]=-47 => 4136
x[0,0,14]=-28 * w[2,0,0,14]=-81 => 2268
x[0,0,15]=-91 * w[2,0,0,15]=90 => -8190
x[0,0,16]=-58 * w[2,0,0,16]=45 => -2610
x[0,0,17]=1 * w[2,0,0,17]=127 => 127
x[0,0,18]=-113 * w[2,0,0,18]=-54 => 6102
x[0,0,19]=-87 * w[2,0,0,19]=-101 => 8787
x[0,0,20]=-106 * w[2,0,0,20]=-94 => 9964
x[0,0,21]=-99 * w[2,0,0,21]=-57 => 5643
x[0,0,22]=-104 * w[2,0,0,22]=26 => -2704
x[0,0,23]=-81 * w[2,0,0,23]=-75 => 6075
sum_xw=32484, sum_x=-2032, sum_w=-217
-zp_in*sum_w=-25606, -zp_w*sum_x=0, +K*zp_in*zp_w=0
+bias=102370
acc(before clip)=109248
(0,0),2 | 109248 | 1491443825 | 9 | -128 | 20 | 20 | OK

--- DEBUG ACC for (h=0, w=0, ch=3) ---
x[0,0,0]=-126 * w[3,0,0,0]=-4 => 504
x[0,0,1]=-70 * w[3,0,0,1]=17 => -1190
x[0,0,2]=-112 * w[3,0,0,2]=0 => 0
x[0,0,3]=-70 * w[3,0,0,3]=-5 => 350
x[0,0,4]=-87 * w[3,0,0,4]=34 => -2958
x[0,0,5]=-109 * w[3,0,0,5]=4 => -436
x[0,0,6]=-42 * w[3,0,0,6]=12 => -504
x[0,0,7]=-88 * w[3,0,0,7]=-17 => 1496
x[0,0,8]=-124 * w[3,0,0,8]=3 => -372
x[0,0,9]=-104 * w[3,0,0,9]=-6 => 624
x[0,0,10]=-68 * w[3,0,0,10]=18 => -1224
x[0,0,11]=-106 * w[3,0,0,11]=19 => -2014
x[0,0,12]=-72 * w[3,0,0,12]=-4 => 288
x[0,0,13]=-88 * w[3,0,0,13]=-127 => 11176
x[0,0,14]=-28 * w[3,0,0,14]=-4 => 112
x[0,0,15]=-91 * w[3,0,0,15]=-2 => 182
x[0,0,16]=-58 * w[3,0,0,16]=-3 => 174
x[0,0,17]=1 * w[3,0,0,17]=2 => 2
x[0,0,18]=-113 * w[3,0,0,18]=-11 => 1243
x[0,0,19]=-87 * w[3,0,0,19]=-25 => 2175
x[0,0,20]=-106 * w[3,0,0,20]=1 => -106
x[0,0,21]=-99 * w[3,0,0,21]=29 => -2871
x[0,0,22]=-104 * w[3,0,0,22]=3 => -312
x[0,0,23]=-81 * w[3,0,0,23]=6 => -486
sum_xw=5853, sum_x=-2032, sum_w=-60
-zp_in*sum_w=-7080, -zp_w*sum_x=0, +K*zp_in*zp_w=0
+bias=11412
acc(before clip)=10185
(0,0),3 | 10185 | 2088855838 | 7 | -128 | -51 | -51 | OK

--- DEBUG ACC for (h=0, w=0, ch=4) ---
x[0,0,0]=-126 * w[4,0,0,0]=20 => -2520
x[0,0,1]=-70 * w[4,0,0,1]=-10 => 700
x[0,0,2]=-112 * w[4,0,0,2]=0 => 0
x[0,0,3]=-70 * w[4,0,0,3]=-5 => 350
x[0,0,4]=-87 * w[4,0,0,4]=-127 => 11049
x[0,0,5]=-109 * w[4,0,0,5]=-5 => 545
x[0,0,6]=-42 * w[4,0,0,6]=2 => -84
x[0,0,7]=-88 * w[4,0,0,7]=15 => -1320
x[0,0,8]=-124 * w[4,0,0,8]=27 => -3348
x[0,0,9]=-104 * w[4,0,0,9]=-8 => 832
x[0,0,10]=-68 * w[4,0,0,10]=-2 => 136
x[0,0,11]=-106 * w[4,0,0,11]=118 => -12508
x[0,0,12]=-72 * w[4,0,0,12]=-20 => 1440
x[0,0,13]=-88 * w[4,0,0,13]=26 => -2288
x[0,0,14]=-28 * w[4,0,0,14]=-27 => 756
x[0,0,15]=-91 * w[4,0,0,15]=-9 => 819
x[0,0,16]=-58 * w[4,0,0,16]=-6 => 348
x[0,0,17]=1 * w[4,0,0,17]=23 => 23
x[0,0,18]=-113 * w[4,0,0,18]=11 => -1243
x[0,0,19]=-87 * w[4,0,0,19]=-38 => 3306
x[0,0,20]=-106 * w[4,0,0,20]=-12 => 1272
x[0,0,21]=-99 * w[4,0,0,21]=-5 => 495
x[0,0,22]=-104 * w[4,0,0,22]=5 => -520
x[0,0,23]=-81 * w[4,0,0,23]=-5 => 405
sum_xw=-1355, sum_x=-2032, sum_w=-32
-zp_in*sum_w=-3776, -zp_w*sum_x=0, +K*zp_in*zp_w=0
+bias=6719
acc(before clip)=1588
(0,0),4 | 1588 | 1853664419 | 7 | -128 | -117 | -117 | OK

--- DEBUG ACC for (h=0, w=0, ch=5) ---
x[0,0,0]=-126 * w[5,0,0,0]=-10 => 1260
x[0,0,1]=-70 * w[5,0,0,1]=4 => -280
x[0,0,2]=-112 * w[5,0,0,2]=-9 => 1008
x[0,0,3]=-70 * w[5,0,0,3]=-34 => 2380
x[0,0,4]=-87 * w[5,0,0,4]=-5 => 435
x[0,0,5]=-109 * w[5,0,0,5]=-31 => 3379
x[0,0,6]=-42 * w[5,0,0,6]=20 => -840
x[0,0,7]=-88 * w[5,0,0,7]=-5 => 440
x[0,0,8]=-124 * w[5,0,0,8]=-2 => 248
x[0,0,9]=-104 * w[5,0,0,9]=-8 => 832
x[0,0,10]=-68 * w[5,0,0,10]=-8 => 544
x[0,0,11]=-106 * w[5,0,0,11]=-12 => 1272
x[0,0,12]=-72 * w[5,0,0,12]=-6 => 432
x[0,0,13]=-88 * w[5,0,0,13]=-11 => 968
x[0,0,14]=-28 * w[5,0,0,14]=-14 => 392
x[0,0,15]=-91 * w[5,0,0,15]=-10 => 910
x[0,0,16]=-58 * w[5,0,0,16]=-5 => 290
x[0,0,17]=1 * w[5,0,0,17]=5 => 5
x[0,0,18]=-113 * w[5,0,0,18]=3 => -339
x[0,0,19]=-87 * w[5,0,0,19]=-9 => 783
x[0,0,20]=-106 * w[5,0,0,20]=-21 => 2226
x[0,0,21]=-99 * w[5,0,0,21]=7 => -693
x[0,0,22]=-104 * w[5,0,0,22]=-127 => 13208
x[0,0,23]=-81 * w[5,0,0,23]=-57 => 4617
sum_xw=33477, sum_x=-2032, sum_w=-345
-zp_in*sum_w=-40710, -zp_w*sum_x=0, +K*zp_in*zp_w=0
+bias=26151
acc(before clip)=18918
(0,0),5 | 18918 | 1170237719 | 7 | -128 | -47 | -47 | OK
