MODEL : efficientnetv2_b0_bnless_int8.tflite
OP #81: MUL

=== INPUT0 ===
name    : build_efficientnetv2_b0_full_bnless/block5a_se_expand/Relu6;build_efficientnetv2_b0_full_bnless/block5a_se_expand/add;build_efficientnetv2_b0_full_bnless/block5a_se_expand/BiasAdd/ReadVariableOp;build_efficientnetv2_b0_full_bnless/block5a_se_expand/BiasAdd;build_efficientnetv2_b0_full_bnless/block5a_se_expand/Conv2D;build_efficientnetv2_b0_full_bnless/block1a_project_activation/add/y1
index   : 278
shape   : [1, 1, 1, 576]
dtype   : <class 'numpy.int8'>
quant   : {'scales': [0.0235294122248888], 'zero_points': [-128], 'axis': 0, 'scale_tuple': 0.0235294122248888, 'zp_tuple': -128}
values(int):
[[[[   2  -71   -7  126   -4  127   87  127   65  110  103  -38   77   87   87   -1  120   37   94   33   31   73
      40  105   78   88   98  101   69   22  113   83   71   39   17   61   33   85   96  127  127  127  -22   48
     122   23   64   74   75    1   53  127  -73   85  127  -10  127   47  -19   53  102   99 -119 -128   94   99
     -75   24  125    5   17   73  119  127   94   57   84   46  -31  127   59   59  123  -29   61   98  -27   -1
     125   57   17   -3  -89  -99   31   66  114  101   31   10  108 -121   63 -128   59   82   75   48   24  127
     115   19  127  104  121   86  -10   84  -27   89  120  116  -23  105   97   51  105  127   39  -56  105  127
      98  111  127   50   45  106  105  127   88  105  -22   69   68   68  -27   85   33   64   93   67   29   33
      74   80   40  127   69  -87  101   96   28   39    9   58  -38  127  126 -126   96  105  -83   30  111  120
     125   13   79   76   49  104  113 -101  103  -81   51  113   91   48   31   44   70 -128   79    7   58   33
      43 -128  -24  -31   83  127  127   74  116   84   49  106   71   47    4   34  -59   82  121   65  109   52
    -101   28   31   85   75  119   87   64  -37   33   95   44  127   87   42   65   87   74  120  -43  101   89
     -78  106   48  102   73   37   31  118   88  127   96    4    7   58  127  127   54  111   90   38   63   76
      55  127   20  -78  -13   25   88   32  101   39   83 -128  127  -10  127  -59   38  -30  -31   82  127  -22
      38  119  127   13   31   90   92   81   68   93  -28   93 -128   97   51  -40  -25  -19   83   -6   42   41
      79  127   74   86  -57  127 -118  -64   48   89   68   70   74   48   89  120  122   74   72   85   29   71
      38 -124   42  -60  -11  -42  100   29   55   42  -91   28 -105   57  122   52  -44   32   46  -47  -43  124
      94  -39   27   22  -12  108   73  100  -98   30  -40  100   62   55  -10  -24   68   63   -1   55  127  -35
      99   44   94   52   -3  -32   24  127    0    3   88  127 -128  127   24   95   21  -65   35   59   37 -105
     -42  113    4  -86   -1   56   17  120   63  123   92   84   56  -46  -73   74    6   10   73  105 -128   37
     109   24  103  -94   18   58   66  122   61  108   53   68    5  -24    2   94 -128  127   97   35  -20  -70
      75  127  127  -16  -51  -97   77  127   52   54  111   44   64   62  -28  127  -29  102   36    0   61  -85
     127   12    2   76   97  127  -21   26   24   96   73  114  127  127   53  119   72   66   86  121 -128   18
      56   11  -63   54  127   54  127   18 -112   78   40   46   22  -17  -86   75   54   49   29   91   57   50
     -27  116   63  -30  127   96  127   50   66  101  120   84   60   69  -47  -15   67  -33   84  -84   35   25
      96   29   91  109   23   16  127   23   58   49 -128  113   56   84   17  127   61  -45   43   87  -19   71
     118  123   22   78   86   80  101   66   91   46  -99   95   32  -95  127   52   30  -17   47   89  -13   75
      44   34  -18   52]]]]

=== INPUT1 ===
name    : build_efficientnetv2_b0_full_bnless/block2a_expand_activation/truediv;build_efficientnetv2_b0_full_bnless/block1a_project_activation/truediv/y
index   : 166
shape   : []
dtype   : <class 'numpy.int8'>
quant   : {'scales': [0.0006535947904922068], 'zero_points': [-128], 'axis': 0, 'scale_tuple': 0.0006535947904922068, 'zp_tuple': -128}
values(int):
127

=== OFM ===
name    : build_efficientnetv2_b0_full_bnless/block5a_se_expand/truediv;build_efficientnetv2_b0_full_bnless/block1a_project_activation/truediv/y
index   : 279
shape   : [1, 1, 1, 576]
dtype   : <class 'numpy.int8'>
quant   : {'scales': [0.003921568859368563], 'zero_points': [-128], 'axis': 0, 'scale_tuple': 0.003921568859368563, 'zp_tuple': -128}
values(int):
[[[[   2  -71   -7  126   -4  127   87  127   65  110  103  -38   77   87   87   -1  120   37   94   33   31   73
      40  105   78   88   98  101   69   22  113   83   71   39   17   61   33   85   96  127  127  127  -22   48
     122   23   64   74   75    1   53  127  -73   85  127  -10  127   47  -19   53  102   99 -119 -128   94   99
     -75   24  125    5   17   73  119  127   94   57   84   46  -31  127   59   59  123  -29   61   98  -27   -1
     125   57   17   -3  -89  -99   31   66  114  101   31   10  108 -121   63 -128   59   82   75   48   24  127
     115   19  127  104  121   86  -10   84  -27   89  120  116  -23  105   97   51  105  127   39  -56  105  127
      98  111  127   50   45  106  105  127   88  105  -22   69   68   68  -27   85   33   64   93   67   29   33
      74   80   40  127   69  -87  101   96   28   39    9   58  -38  127  126 -126   96  105  -83   30  111  120
     125   13   79   76   49  104  113 -101  103  -81   51  113   91   48   31   44   70 -128   79    7   58   33
      43 -128  -24  -31   83  127  127   74  116   84   49  106   71   47    4   34  -59   82  121   65  109   52
    -101   28   31   85   75  119   87   64  -37   33   95   44  127   87   42   65   87   74  120  -43  101   89
     -78  106   48  102   73   37   31  118   88  127   96    4    7   58  127  127   54  111   90   38   63   76
      55  127   20  -78  -13   25   88   32  101   39   83 -128  127  -10  127  -59   38  -30  -31   82  127  -22
      38  119  127   13   31   90   92   81   68   93  -28   93 -128   97   51  -40  -25  -19   83   -6   42   41
      79  127   74   86  -57  127 -118  -64   48   89   68   70   74   48   89  120  122   74   72   85   29   71
      38 -124   42  -60  -11  -42  100   29   55   42  -91   28 -105   57  122   52  -44   32   46  -47  -43  124
      94  -39   27   22  -12  108   73  100  -98   30  -40  100   62   55  -10  -24   68   63   -1   55  127  -35
      99   44   94   52   -3  -32   24  127    0    3   88  127 -128  127   24   95   21  -65   35   59   37 -105
     -42  113    4  -86   -1   56   17  120   63  123   92   84   56  -46  -73   74    6   10   73  105 -128   37
     109   24  103  -94   18   58   66  122   61  108   53   68    5  -24    2   94 -128  127   97   35  -20  -70
      75  127  127  -16  -51  -97   77  127   52   54  111   44   64   62  -28  127  -29  102   36    0   61  -85
     127   12    2   76   97  127  -21   26   24   96   73  114  127  127   53  119   72   66   86  121 -128   18
      56   11  -63   54  127   54  127   18 -112   78   40   46   22  -17  -86   75   54   49   29   91   57   50
     -27  116   63  -30  127   96  127   50   66  101  120   84   60   69  -47  -15   67  -33   84  -84   35   25
      96   29   91  109   23   16  127   23   58   49 -128  113   56   84   17  127   61  -45   43   87  -19   71
     118  123   22   78   86   80  101   66   91   46  -99   95   32  -95  127   52   30  -17   47   89  -13   75
      44   34  -18   52]]]]

--- VERIFY MUL (elementwise) ---
real_mult=(s_x*s_y)/s_z=0.00392156858773 -> M=1077952565, n=7
idx | x | y | (x-zpx) | (y-zpy) | prod | SRDHM(prod,M) | Rshift | y_calc | y_ref | match
(0, 0, 0, 0) | 2 | 127 | 130 | 255 | 33150 | 16640 | >>7 | 2 | 2 | OK
(0, 0, 0, 1) | -71 | 127 | 57 | 255 | 14535 | 7296 | >>7 | -71 | -71 | OK
(0, 0, 0, 2) | -7 | 127 | 121 | 255 | 30855 | 15488 | >>7 | -7 | -7 | OK
(0, 0, 0, 3) | 126 | 127 | 254 | 255 | 64770 | 32512 | >>7 | 126 | 126 | OK
(0, 0, 0, 4) | -4 | 127 | 124 | 255 | 31620 | 15872 | >>7 | -4 | -4 | OK
(0, 0, 0, 5) | 127 | 127 | 255 | 255 | 65025 | 32640 | >>7 | 127 | 127 | OK
(0, 0, 0, 6) | 87 | 127 | 215 | 255 | 54825 | 27520 | >>7 | 87 | 87 | OK
(0, 0, 0, 7) | 127 | 127 | 255 | 255 | 65025 | 32640 | >>7 | 127 | 127 | OK
(0, 0, 0, 0) | 2 | 127 | 130 | 255 | 33150 | 16640 | >>7 | 2 | 2 | OK
(0, 0, 0, 1) | -71 | 127 | 57 | 255 | 14535 | 7296 | >>7 | -71 | -71 | OK
(0, 0, 0, 2) | -7 | 127 | 121 | 255 | 30855 | 15488 | >>7 | -7 | -7 | OK
(0, 0, 0, 3) | 126 | 127 | 254 | 255 | 64770 | 32512 | >>7 | 126 | 126 | OK
(0, 0, 0, 4) | -4 | 127 | 124 | 255 | 31620 | 15872 | >>7 | -4 | -4 | OK
(0, 0, 0, 5) | 127 | 127 | 255 | 255 | 65025 | 32640 | >>7 | 127 | 127 | OK
(0, 0, 0, 6) | 87 | 127 | 215 | 255 | 54825 | 27520 | >>7 | 87 | 87 | OK
(0, 0, 0, 7) | 127 | 127 | 255 | 255 | 65025 | 32640 | >>7 | 127 | 127 | OK
(0, 0, 0, 8) | 65 | 127 | 193 | 255 | 49215 | 24704 | >>7 | 65 | 65 | OK
(0, 0, 0, 9) | 110 | 127 | 238 | 255 | 60690 | 30464 | >>7 | 110 | 110 | OK
(0, 0, 0, 10) | 103 | 127 | 231 | 255 | 58905 | 29568 | >>7 | 103 | 103 | OK
(0, 0, 0, 11) | -38 | 127 | 90 | 255 | 22950 | 11520 | >>7 | -38 | -38 | OK
(0, 0, 0, 12) | 77 | 127 | 205 | 255 | 52275 | 26240 | >>7 | 77 | 77 | OK
(0, 0, 0, 13) | 87 | 127 | 215 | 255 | 54825 | 27520 | >>7 | 87 | 87 | OK
(0, 0, 0, 14) | 87 | 127 | 215 | 255 | 54825 | 27520 | >>7 | 87 | 87 | OK
(0, 0, 0, 15) | -1 | 127 | 127 | 255 | 32385 | 16256 | >>7 | -1 | -1 | OK
(0, 0, 0, 16) | 120 | 127 | 248 | 255 | 63240 | 31744 | >>7 | 120 | 120 | OK
(0, 0, 0, 17) | 37 | 127 | 165 | 255 | 42075 | 21120 | >>7 | 37 | 37 | OK
(0, 0, 0, 18) | 94 | 127 | 222 | 255 | 56610 | 28416 | >>7 | 94 | 94 | OK
(0, 0, 0, 19) | 33 | 127 | 161 | 255 | 41055 | 20608 | >>7 | 33 | 33 | OK
(0, 0, 0, 20) | 31 | 127 | 159 | 255 | 40545 | 20352 | >>7 | 31 | 31 | OK
(0, 0, 0, 21) | 73 | 127 | 201 | 255 | 51255 | 25728 | >>7 | 73 | 73 | OK
(0, 0, 0, 22) | 40 | 127 | 168 | 255 | 42840 | 21504 | >>7 | 40 | 40 | OK
(0, 0, 0, 23) | 105 | 127 | 233 | 255 | 59415 | 29824 | >>7 | 105 | 105 | OK
(0, 0, 0, 24) | 78 | 127 | 206 | 255 | 52530 | 26368 | >>7 | 78 | 78 | OK
(0, 0, 0, 25) | 88 | 127 | 216 | 255 | 55080 | 27648 | >>7 | 88 | 88 | OK
(0, 0, 0, 26) | 98 | 127 | 226 | 255 | 57630 | 28928 | >>7 | 98 | 98 | OK
(0, 0, 0, 27) | 101 | 127 | 229 | 255 | 58395 | 29312 | >>7 | 101 | 101 | OK
(0, 0, 0, 28) | 69 | 127 | 197 | 255 | 50235 | 25216 | >>7 | 69 | 69 | OK
(0, 0, 0, 29) | 22 | 127 | 150 | 255 | 38250 | 19200 | >>7 | 22 | 22 | OK
(0, 0, 0, 30) | 113 | 127 | 241 | 255 | 61455 | 30848 | >>7 | 113 | 113 | OK
(0, 0, 0, 31) | 83 | 127 | 211 | 255 | 53805 | 27008 | >>7 | 83 | 83 | OK
(0, 0, 0, 32) | 71 | 127 | 199 | 255 | 50745 | 25472 | >>7 | 71 | 71 | OK
(0, 0, 0, 33) | 39 | 127 | 167 | 255 | 42585 | 21376 | >>7 | 39 | 39 | OK
(0, 0, 0, 34) | 17 | 127 | 145 | 255 | 36975 | 18560 | >>7 | 17 | 17 | OK
(0, 0, 0, 35) | 61 | 127 | 189 | 255 | 48195 | 24192 | >>7 | 61 | 61 | OK
(0, 0, 0, 36) | 33 | 127 | 161 | 255 | 41055 | 20608 | >>7 | 33 | 33 | OK
(0, 0, 0, 37) | 85 | 127 | 213 | 255 | 54315 | 27264 | >>7 | 85 | 85 | OK
(0, 0, 0, 38) | 96 | 127 | 224 | 255 | 57120 | 28672 | >>7 | 96 | 96 | OK
(0, 0, 0, 39) | 127 | 127 | 255 | 255 | 65025 | 32640 | >>7 | 127 | 127 | OK
(0, 0, 0, 40) | 127 | 127 | 255 | 255 | 65025 | 32640 | >>7 | 127 | 127 | OK
(0, 0, 0, 41) | 127 | 127 | 255 | 255 | 65025 | 32640 | >>7 | 127 | 127 | OK
(0, 0, 0, 42) | -22 | 127 | 106 | 255 | 27030 | 13568 | >>7 | -22 | -22 | OK
(0, 0, 0, 43) | 48 | 127 | 176 | 255 | 44880 | 22528 | >>7 | 48 | 48 | OK
(0, 0, 0, 44) | 122 | 127 | 250 | 255 | 63750 | 32000 | >>7 | 122 | 122 | OK
(0, 0, 0, 45) | 23 | 127 | 151 | 255 | 38505 | 19328 | >>7 | 23 | 23 | OK
(0, 0, 0, 46) | 64 | 127 | 192 | 255 | 48960 | 24576 | >>7 | 64 | 64 | OK
(0, 0, 0, 47) | 74 | 127 | 202 | 255 | 51510 | 25856 | >>7 | 74 | 74 | OK
(0, 0, 0, 48) | 75 | 127 | 203 | 255 | 51765 | 25984 | >>7 | 75 | 75 | OK
(0, 0, 0, 49) | 1 | 127 | 129 | 255 | 32895 | 16512 | >>7 | 1 | 1 | OK
(0, 0, 0, 50) | 53 | 127 | 181 | 255 | 46155 | 23168 | >>7 | 53 | 53 | OK
(0, 0, 0, 51) | 127 | 127 | 255 | 255 | 65025 | 32640 | >>7 | 127 | 127 | OK
(0, 0, 0, 52) | -73 | 127 | 55 | 255 | 14025 | 7040 | >>7 | -73 | -73 | OK
(0, 0, 0, 53) | 85 | 127 | 213 | 255 | 54315 | 27264 | >>7 | 85 | 85 | OK
(0, 0, 0, 54) | 127 | 127 | 255 | 255 | 65025 | 32640 | >>7 | 127 | 127 | OK
(0, 0, 0, 55) | -10 | 127 | 118 | 255 | 30090 | 15104 | >>7 | -10 | -10 | OK
