MODEL : efficientnetv2_b0_bnless_int8.tflite
OP #89: SHAPE

=== IFM0 ===
name    : build_efficientnetv2_b0_full_bnless/block5b_se_squeeze/Mean
index   : 286
shape   : [1, 672]
dtype   : <class 'numpy.int8'>
quant   : {'scales': [0.030501363798975945], 'zero_points': [-116], 'axis': 0, 'scale_tuple': 0.030501363798975945, 'zp_tuple': -116}
values(int):
[[-111 -118 -126 -124 -110 -111 -119  -51 -120 -119 -120 -122 -126 -121 -113 -118 -107 -126 -125 -124 -121 -120 -101
  -118 -115 -105 -111  -97 -120 -119 -119 -113 -122 -114 -121 -109 -109 -124 -126 -115 -122 -125 -102 -126 -111 -116
  -121 -116  -99 -117 -124 -115 -124 -125 -111  -68 -120 -117 -124  -89 -118 -104 -125 -123 -124 -117 -118 -117 -125
  -125 -126 -105 -122 -117 -102 -119 -126 -120 -119 -118 -119 -114 -110 -118 -115 -123 -117 -126 -119 -122 -125 -118
  -118 -124 -117 -124 -114  -77 -123 -119 -123 -119 -107 -123 -121 -125 -120  -90 -124 -122 -121 -101 -123 -103 -116
  -123 -123  -88 -109 -124 -123 -122 -124 -125 -126 -123 -122 -110 -126 -100 -117 -124 -112 -119 -106 -119  -83 -117
  -104 -104 -123 -120 -116 -116 -123  -77  -70 -125 -116  -87 -116 -118 -112 -113 -122 -123 -105 -126 -102 -112 -121
  -117 -119 -124 -121 -120 -109  -91 -121 -121 -125 -110 -117 -122 -126 -120 -116 -117 -106  -95 -120 -124  -59 -111
  -117 -124 -122 -110  -99 -121 -126 -110  -95 -112 -108 -110 -108 -117 -121 -125 -111 -125  -95 -122 -107 -105 -125
  -117 -122 -114 -120 -123 -124 -120  -91 -117 -126 -120 -100 -119 -103 -121 -110 -122  -94 -125 -126 -120 -125 -117
  -112 -125  -97 -121 -104 -124 -121  -46  -81 -123 -116 -112 -121 -120 -118 -126 -114 -115 -124 -124 -121 -121 -122
  -125 -119 -100 -118 -120 -118 -120 -123 -106 -112 -123 -125 -100 -126 -123 -125  -96 -119 -125 -122 -123 -105 -123
  -124 -113 -108 -117 -114 -113 -126 -123 -109 -118  -74 -126 -121 -126 -120 -119 -118  -73 -114 -117  -90 -126 -114
  -116 -123 -115 -124 -122 -126 -112 -102 -123 -117  -98 -117 -126 -120 -107 -124 -123 -102 -109 -109 -111 -121 -108
  -126 -123 -126 -123 -109 -125 -107 -123 -125 -118 -125 -100 -122 -109 -104 -119 -121 -100 -119 -118 -118 -116  -73
  -118 -117 -125 -118 -122 -113 -124 -111 -126 -106 -122 -119 -121 -126 -103 -120 -107 -126 -121 -113 -122 -120 -112
  -125 -112 -114 -120 -109 -123 -124 -113 -124  -89 -117 -121 -107 -125 -109 -122 -125 -124 -109 -124 -103 -123 -124
  -124 -118 -124 -121 -120 -111 -125  -91 -123  -98 -121 -122 -125 -116 -105  -96 -124 -125 -122 -121 -125 -119 -126
  -126 -108 -121 -107 -120 -126 -122 -114 -118 -118 -123 -114 -124 -103 -115  -80 -102 -117 -104 -122 -118 -123 -111
  -122 -124 -125 -119 -108 -124 -107  -57 -123 -124 -120 -119 -123 -118 -117 -120 -109 -125 -123  -57  -90 -113 -124
  -126 -125 -125 -125  -79 -116 -107 -119 -124 -121 -122 -109 -118 -126 -124 -115 -115 -115 -123 -111 -125 -115 -123
  -125 -121 -123 -115 -126 -119 -124  -75 -106 -118 -125 -122 -124 -120 -122 -124 -119 -103 -124 -102 -109 -100 -103
  -125 -125 -117 -124 -119 -118 -125  -37 -104 -121 -120 -116 -124 -117 -120 -123 -126 -124 -121 -122 -125 -117 -117
  -125 -123 -109 -117 -124 -125 -120 -121  -92 -118 -124 -116 -110 -109 -117 -125 -121  -99 -119  -80 -105 -122 -125
  -117 -119 -118 -126  -99 -122 -125 -108 -120 -122 -120 -123 -121 -116 -123 -123 -125 -120 -118 -120  -72 -118 -123
  -125 -123 -118  -95 -124 -122 -120 -113 -111 -124 -112 -114 -121 -118 -120 -125 -125 -117  -69 -121 -123 -118 -105
  -104  -86 -107 -121 -123 -121  -53 -124 -120 -123 -126 -126 -126 -116 -121  -62 -104 -113 -112 -117 -111 -118 -124
  -121 -121  -94 -126 -123  -71 -118 -117 -123 -103 -125 -124 -120  -53 -125 -119 -123 -123 -120 -113 -122 -125  -97
  -125 -110 -125 -120 -118 -104 -119 -126 -115 -103 -104 -118 -111 -117 -119 -126  -99 -122 -123 -113 -113 -123 -112
  -115 -120  -98 -113 -116]]

=== IFM1 ===
N/A

=== BIAS ===
N/A

=== OFM ===
name    : build_efficientnetv2_b0_full_bnless/block5b_se_reshape/Shape
index   : 287
shape   : [2]
dtype   : <class 'numpy.int32'>
quant   : {'scales': [], 'zero_points': [], 'axis': 0, 'scale_tuple': 0.0, 'zp_tuple': 0}
values(int):
[  1 672]
