MODEL : efficientnetv2_b0_bnless_int8.tflite
OP #96: MUL

=== INPUT0 ===
name    : build_efficientnetv2_b0_full_bnless/block5b_se_expand/Relu6;build_efficientnetv2_b0_full_bnless/block5b_se_expand/add;build_efficientnetv2_b0_full_bnless/block5b_se_expand/BiasAdd/ReadVariableOp;build_efficientnetv2_b0_full_bnless/block5b_se_expand/BiasAdd;build_efficientnetv2_b0_full_bnless/block6a_se_expand/Conv2D;build_efficientnetv2_b0_full_bnless/block5b_se_expand/Conv2D;build_efficientnetv2_b0_full_bnless/block1a_project_activation/add/y1
index   : 293
shape   : [1, 1, 1, 672]
dtype   : <class 'numpy.int8'>
quant   : {'scales': [0.0235294122248888], 'zero_points': [-128], 'axis': 0, 'scale_tuple': 0.0235294122248888, 'zp_tuple': -128}
values(int):
[[[[ -36  -48  -39  -72  -34    3  -45  -99 -102  -28   36    9 -128  -42   27  -29   28  -26   11  -30   29  -43
       9 -128   23   45   33   31   24   28   54   65  -82  -34 -128   11   13   33 -106  -14  -17   -5   28   -6
     -17  -94   12   20  -30   -2  -55   -6  -46   19  -66  -43   -5  -11  -18   17 -128  -13   31    0   57  -19
      45    1   56 -128 -111   47   -1   12  -58   42  -52  -13   15   -7   14   24  -10   19  -45    5  -90  -25
       6   30    6  -12 -100  -97  -66   15  -12  -41  -36   21   -8 -128   55 -106   -2    8   43  120   29  -14
       2   46   -8   20    5  -38   11 -128  -47  -47   33   10   65   32  -55   68    0  -13  -25   94   12  -28
      -6   32   45  -11 -121    8   34   47   33    7 -128  -42  -11    4  -45   -1  -52   -7   15   -7  -12   47
     -15   24  -25    8   21  -41   47  -46   43   14   28    0   16 -104   16    5   14    4  -16   32   -4   34
      36 -124   49   -2  -25  -20  -51   47  -14  -90 -103   17 -101    4 -128   84  -19   35    6  -46  -33 -128
      12  -34  -66  -42  -45   25   51   31  -23 -128  -16    0  -18 -128  -16  -29  -54   41  -52  -45   74  -13
     -70  -28   28   12  -42  -63  -41   64  -76   25  -27  -20   45   27   65   15    3 -128  -84  -42  -35   73
      29   15  -22   -4   39  -52    0 -109   -1   23    9   16   29  -87  -44   20  -47  -39 -113   16  -38  -12
     -26   29 -128  -12   14   33   -9  -30   41   16  -82  -23  -44    9 -128  -27   28   17  -20   21   34  -26
      -1 -115  -42  -40    0   25  -15  -69  -41 -115    2  -27  -70  -79    4  -81    1  -46  -76   28   -5   13
     -36  -33  -86   -5  -80  -15 -128  -62  -21  -72   -2    8   14  -14 -105   23  -70  -30  -33   46   20    4
     -41   10   35  -78  -35  -22   62   36 -100 -109    1   43   58  -30  -58   18   47  -23   21   10  -30   31
       2 -128  -61  -82   20  -93  -17 -128  -13  -82  -27   28   29    7    4  -30    1   32   66  -32   38  -14
      33   28  -88   19   -4  -19   36  -13   19   20   29  -18   10  -10 -102   22  -68  -92   18  -56   12   19
      46  -98  -44   10   47   -8   22    0  -11   -1  -78   21  -12  -20   -4   30   32 -128  -77  -34    6   43
     -37   16  -35   34  -12   14  -18   23  -10  -24  -75   24   75  -20   19   40   -6   62    2   -3  -48  -79
      42   26  -61    7  -27  -47 -110    9 -103  -13  -18   22   -7    6   29  -50 -104   38   -4    1  -86   48
       2 -118   17   21   44    3   43   -9   20   47  -25  -61   27   32    6   35  -83  -25 -128   31  -29 -128
      15   19  -57  -64  -43    0  -26   48   22  -74   33   34  -74  -13   15    1  -53  -72   45  -33   22   92
     -85   28  -36    2  -49   15 -128 -128    1   -9  -54   12  -56    5   55  -10   -2   17   49   -8  -24  -16
     -37  -10  -36   28  -86  -33   48    3 -123   55   13  -24    2   68   12  -35  -43  -19   89  -11   -4 -105
      19   34   27    8   15  -18   17  -41  -34   12   15 -128   19   37   28    7    6  -42  -62   31   39  -76
     -29    4   45  -31   16  -14 -128  -86   41  -89   31   16    0   41  -38   51  -93   30 -122  -73  -19 -128
     -61  -92   13  -16   31  -39   49   30  -37    7   27   23   39  -31    3  -69  -41   36  -26  -44   77 -114
      55 -119   31    5  -46  -18   28  -10  -40  -15  -22    3  -41  -32 -107  -55  -58  -17  -67   26   44  -24
      30   15   -5   15  -68    4  -42   43  -98  -19   -2  -65  -11  -27 -126  -32  -59  -38  -79  -44   -9 -109
      61   31 -112   12   13   -5   -3  -27   -4    9   25  -59]]]]

=== INPUT1 ===
name    : build_efficientnetv2_b0_full_bnless/block2a_expand_activation/truediv;build_efficientnetv2_b0_full_bnless/block1a_project_activation/truediv/y
index   : 166
shape   : []
dtype   : <class 'numpy.int8'>
quant   : {'scales': [0.0006535947904922068], 'zero_points': [-128], 'axis': 0, 'scale_tuple': 0.0006535947904922068, 'zp_tuple': -128}
values(int):
127

=== OFM ===
name    : build_efficientnetv2_b0_full_bnless/block5b_se_expand/truediv;build_efficientnetv2_b0_full_bnless/block1a_project_activation/truediv/y
index   : 294
shape   : [1, 1, 1, 672]
dtype   : <class 'numpy.int8'>
quant   : {'scales': [0.003921568859368563], 'zero_points': [-128], 'axis': 0, 'scale_tuple': 0.003921568859368563, 'zp_tuple': -128}
values(int):
[[[[ -36  -48  -39  -72  -34    3  -45  -99 -102  -28   36    9 -128  -42   27  -29   28  -26   11  -30   29  -43
       9 -128   23   45   33   31   24   28   54   65  -82  -34 -128   11   13   33 -106  -14  -17   -5   28   -6
     -17  -94   12   20  -30   -2  -55   -6  -46   19  -66  -43   -5  -11  -18   17 -128  -13   31    0   57  -19
      45    1   56 -128 -111   47   -1   12  -58   42  -52  -13   15   -7   14   24  -10   19  -45    5  -90  -25
       6   30    6  -12 -100  -97  -66   15  -12  -41  -36   21   -8 -128   55 -106   -2    8   43  120   29  -14
       2   46   -8   20    5  -38   11 -128  -47  -47   33   10   65   32  -55   68    0  -13  -25   94   12  -28
      -6   32   45  -11 -121    8   34   47   33    7 -128  -42  -11    4  -45   -1  -52   -7   15   -7  -12   47
     -15   24  -25    8   21  -41   47  -46   43   14   28    0   16 -104   16    5   14    4  -16   32   -4   34
      36 -124   49   -2  -25  -20  -51   47  -14  -90 -103   17 -101    4 -128   84  -19   35    6  -46  -33 -128
      12  -34  -66  -42  -45   25   51   31  -23 -128  -16    0  -18 -128  -16  -29  -54   41  -52  -45   74  -13
     -70  -28   28   12  -42  -63  -41   64  -76   25  -27  -20   45   27   65   15    3 -128  -84  -42  -35   73
      29   15  -22   -4   39  -52    0 -109   -1   23    9   16   29  -87  -44   20  -47  -39 -113   16  -38  -12
     -26   29 -128  -12   14   33   -9  -30   41   16  -82  -23  -44    9 -128  -27   28   17  -20   21   34  -26
      -1 -115  -42  -40    0   25  -15  -69  -41 -115    2  -27  -70  -79    4  -81    1  -46  -76   28   -5   13
     -36  -33  -86   -5  -80  -15 -128  -62  -21  -72   -2    8   14  -14 -105   23  -70  -30  -33   46   20    4
     -41   10   35  -78  -35  -22   62   36 -100 -109    1   43   58  -30  -58   18   47  -23   21   10  -30   31
       2 -128  -61  -82   20  -93  -17 -128  -13  -82  -27   28   29    7    4  -30    1   32   66  -32   38  -14
      33   28  -88   19   -4  -19   36  -13   19   20   29  -18   10  -10 -102   22  -68  -92   18  -56   12   19
      46  -98  -44   10   47   -8   22    0  -11   -1  -78   21  -12  -20   -4   30   32 -128  -77  -34    6   43
     -37   16  -35   34  -12   14  -18   23  -10  -24  -75   24   75  -20   19   40   -6   62    2   -3  -48  -79
      42   26  -61    7  -27  -47 -110    9 -103  -13  -18   22   -7    6   29  -50 -104   38   -4    1  -86   48
       2 -118   17   21   44    3   43   -9   20   47  -25  -61   27   32    6   35  -83  -25 -128   31  -29 -128
      15   19  -57  -64  -43    0  -26   48   22  -74   33   34  -74  -13   15    1  -53  -72   45  -33   22   92
     -85   28  -36    2  -49   15 -128 -128    1   -9  -54   12  -56    5   55  -10   -2   17   49   -8  -24  -16
     -37  -10  -36   28  -86  -33   48    3 -123   55   13  -24    2   68   12  -35  -43  -19   89  -11   -4 -105
      19   34   27    8   15  -18   17  -41  -34   12   15 -128   19   37   28    7    6  -42  -62   31   39  -76
     -29    4   45  -31   16  -14 -128  -86   41  -89   31   16    0   41  -38   51  -93   30 -122  -73  -19 -128
     -61  -92   13  -16   31  -39   49   30  -37    7   27   23   39  -31    3  -69  -41   36  -26  -44   77 -114
      55 -119   31    5  -46  -18   28  -10  -40  -15  -22    3  -41  -32 -107  -55  -58  -17  -67   26   44  -24
      30   15   -5   15  -68    4  -42   43  -98  -19   -2  -65  -11  -27 -126  -32  -59  -38  -79  -44   -9 -109
      61   31 -112   12   13   -5   -3  -27   -4    9   25  -59]]]]

--- VERIFY MUL (elementwise) ---
real_mult=(s_x*s_y)/s_z=0.00392156858773 -> M=1077952565, n=7
idx | x | y | (x-zpx) | (y-zpy) | prod | SRDHM(prod,M) | Rshift | y_calc | y_ref | match
(0, 0, 0, 0) | -36 | 127 | 92 | 255 | 23460 | 11776 | >>7 | -36 | -36 | OK
(0, 0, 0, 1) | -48 | 127 | 80 | 255 | 20400 | 10240 | >>7 | -48 | -48 | OK
(0, 0, 0, 2) | -39 | 127 | 89 | 255 | 22695 | 11392 | >>7 | -39 | -39 | OK
(0, 0, 0, 3) | -72 | 127 | 56 | 255 | 14280 | 7168 | >>7 | -72 | -72 | OK
(0, 0, 0, 4) | -34 | 127 | 94 | 255 | 23970 | 12032 | >>7 | -34 | -34 | OK
(0, 0, 0, 5) | 3 | 127 | 131 | 255 | 33405 | 16768 | >>7 | 3 | 3 | OK
(0, 0, 0, 6) | -45 | 127 | 83 | 255 | 21165 | 10624 | >>7 | -45 | -45 | OK
(0, 0, 0, 7) | -99 | 127 | 29 | 255 | 7395 | 3712 | >>7 | -99 | -99 | OK
(0, 0, 0, 0) | -36 | 127 | 92 | 255 | 23460 | 11776 | >>7 | -36 | -36 | OK
(0, 0, 0, 1) | -48 | 127 | 80 | 255 | 20400 | 10240 | >>7 | -48 | -48 | OK
(0, 0, 0, 2) | -39 | 127 | 89 | 255 | 22695 | 11392 | >>7 | -39 | -39 | OK
(0, 0, 0, 3) | -72 | 127 | 56 | 255 | 14280 | 7168 | >>7 | -72 | -72 | OK
(0, 0, 0, 4) | -34 | 127 | 94 | 255 | 23970 | 12032 | >>7 | -34 | -34 | OK
(0, 0, 0, 5) | 3 | 127 | 131 | 255 | 33405 | 16768 | >>7 | 3 | 3 | OK
(0, 0, 0, 6) | -45 | 127 | 83 | 255 | 21165 | 10624 | >>7 | -45 | -45 | OK
(0, 0, 0, 7) | -99 | 127 | 29 | 255 | 7395 | 3712 | >>7 | -99 | -99 | OK
(0, 0, 0, 8) | -102 | 127 | 26 | 255 | 6630 | 3328 | >>7 | -102 | -102 | OK
(0, 0, 0, 9) | -28 | 127 | 100 | 255 | 25500 | 12800 | >>7 | -28 | -28 | OK
(0, 0, 0, 10) | 36 | 127 | 164 | 255 | 41820 | 20992 | >>7 | 36 | 36 | OK
(0, 0, 0, 11) | 9 | 127 | 137 | 255 | 34935 | 17536 | >>7 | 9 | 9 | OK
(0, 0, 0, 12) | -128 | 127 | 0 | 255 | 0 | 0 | >>7 | -128 | -128 | OK
(0, 0, 0, 13) | -42 | 127 | 86 | 255 | 21930 | 11008 | >>7 | -42 | -42 | OK
(0, 0, 0, 14) | 27 | 127 | 155 | 255 | 39525 | 19840 | >>7 | 27 | 27 | OK
(0, 0, 0, 15) | -29 | 127 | 99 | 255 | 25245 | 12672 | >>7 | -29 | -29 | OK
(0, 0, 0, 16) | 28 | 127 | 156 | 255 | 39780 | 19968 | >>7 | 28 | 28 | OK
(0, 0, 0, 17) | -26 | 127 | 102 | 255 | 26010 | 13056 | >>7 | -26 | -26 | OK
(0, 0, 0, 18) | 11 | 127 | 139 | 255 | 35445 | 17792 | >>7 | 11 | 11 | OK
(0, 0, 0, 19) | -30 | 127 | 98 | 255 | 24990 | 12544 | >>7 | -30 | -30 | OK
(0, 0, 0, 20) | 29 | 127 | 157 | 255 | 40035 | 20096 | >>7 | 29 | 29 | OK
(0, 0, 0, 21) | -43 | 127 | 85 | 255 | 21675 | 10880 | >>7 | -43 | -43 | OK
(0, 0, 0, 22) | 9 | 127 | 137 | 255 | 34935 | 17536 | >>7 | 9 | 9 | OK
(0, 0, 0, 23) | -128 | 127 | 0 | 255 | 0 | 0 | >>7 | -128 | -128 | OK
(0, 0, 0, 24) | 23 | 127 | 151 | 255 | 38505 | 19328 | >>7 | 23 | 23 | OK
(0, 0, 0, 25) | 45 | 127 | 173 | 255 | 44115 | 22144 | >>7 | 45 | 45 | OK
(0, 0, 0, 26) | 33 | 127 | 161 | 255 | 41055 | 20608 | >>7 | 33 | 33 | OK
(0, 0, 0, 27) | 31 | 127 | 159 | 255 | 40545 | 20352 | >>7 | 31 | 31 | OK
(0, 0, 0, 28) | 24 | 127 | 152 | 255 | 38760 | 19456 | >>7 | 24 | 24 | OK
(0, 0, 0, 29) | 28 | 127 | 156 | 255 | 39780 | 19968 | >>7 | 28 | 28 | OK
(0, 0, 0, 30) | 54 | 127 | 182 | 255 | 46410 | 23296 | >>7 | 54 | 54 | OK
(0, 0, 0, 31) | 65 | 127 | 193 | 255 | 49215 | 24704 | >>7 | 65 | 65 | OK
(0, 0, 0, 32) | -82 | 127 | 46 | 255 | 11730 | 5888 | >>7 | -82 | -82 | OK
(0, 0, 0, 33) | -34 | 127 | 94 | 255 | 23970 | 12032 | >>7 | -34 | -34 | OK
(0, 0, 0, 34) | -128 | 127 | 0 | 255 | 0 | 0 | >>7 | -128 | -128 | OK
(0, 0, 0, 35) | 11 | 127 | 139 | 255 | 35445 | 17792 | >>7 | 11 | 11 | OK
(0, 0, 0, 36) | 13 | 127 | 141 | 255 | 35955 | 18048 | >>7 | 13 | 13 | OK
(0, 0, 0, 37) | 33 | 127 | 161 | 255 | 41055 | 20608 | >>7 | 33 | 33 | OK
(0, 0, 0, 38) | -106 | 127 | 22 | 255 | 5610 | 2816 | >>7 | -106 | -106 | OK
(0, 0, 0, 39) | -14 | 127 | 114 | 255 | 29070 | 14592 | >>7 | -14 | -14 | OK
(0, 0, 0, 40) | -17 | 127 | 111 | 255 | 28305 | 14208 | >>7 | -17 | -17 | OK
(0, 0, 0, 41) | -5 | 127 | 123 | 255 | 31365 | 15744 | >>7 | -5 | -5 | OK
(0, 0, 0, 42) | 28 | 127 | 156 | 255 | 39780 | 19968 | >>7 | 28 | 28 | OK
(0, 0, 0, 43) | -6 | 127 | 122 | 255 | 31110 | 15616 | >>7 | -6 | -6 | OK
(0, 0, 0, 44) | -17 | 127 | 111 | 255 | 28305 | 14208 | >>7 | -17 | -17 | OK
(0, 0, 0, 45) | -94 | 127 | 34 | 255 | 8670 | 4352 | >>7 | -94 | -94 | OK
(0, 0, 0, 46) | 12 | 127 | 140 | 255 | 35700 | 17920 | >>7 | 12 | 12 | OK
(0, 0, 0, 47) | 20 | 127 | 148 | 255 | 37740 | 18944 | >>7 | 20 | 20 | OK
(0, 0, 0, 48) | -30 | 127 | 98 | 255 | 24990 | 12544 | >>7 | -30 | -30 | OK
(0, 0, 0, 49) | -2 | 127 | 126 | 255 | 32130 | 16128 | >>7 | -2 | -2 | OK
(0, 0, 0, 50) | -55 | 127 | 73 | 255 | 18615 | 9344 | >>7 | -55 | -55 | OK
(0, 0, 0, 51) | -6 | 127 | 122 | 255 | 31110 | 15616 | >>7 | -6 | -6 | OK
(0, 0, 0, 52) | -46 | 127 | 82 | 255 | 20910 | 10496 | >>7 | -46 | -46 | OK
(0, 0, 0, 53) | 19 | 127 | 147 | 255 | 37485 | 18816 | >>7 | 19 | 19 | OK
(0, 0, 0, 54) | -66 | 127 | 62 | 255 | 15810 | 7936 | >>7 | -66 | -66 | OK
(0, 0, 0, 55) | -43 | 127 | 85 | 255 | 21675 | 10880 | >>7 | -43 | -43 | OK
