MODEL : efficientnetv2_b0_bnless_int8.tflite
OP #105: SHAPE

=== IFM0 ===
name    : build_efficientnetv2_b0_full_bnless/block5c_se_squeeze/Mean
index   : 302
shape   : [1, 672]
dtype   : <class 'numpy.int8'>
quant   : {'scales': [0.022123290225863457], 'zero_points': [-111], 'axis': 0, 'scale_tuple': 0.022123290225863457, 'zp_tuple': -111}
values(int):
[[-124 -118  -94 -112 -102 -117 -117 -120 -105 -112  -82 -118 -105  -78  -99 -121  -90  -96 -127 -120 -125 -125 -120
  -100  -97 -120 -117  -98 -125 -105  -83 -105 -114  -92 -127 -113 -127  -65  -95 -110 -115 -108 -113 -128 -120 -107
   -98 -118 -126  -90 -124 -118 -121 -126 -122 -122 -122 -128  -92 -111 -113 -122  -88 -116  -86 -112 -121 -102 -115
  -123 -119  -88 -100  -82 -114 -116 -120  -69 -116 -122 -117 -109 -111 -117 -127 -113  -95 -113 -121 -121 -120 -120
  -119 -124 -123 -102 -116 -117 -101  -94  -86 -116 -115 -124 -115 -117 -125 -119  -86 -128 -115 -110 -127 -111  -56
   -44 -124 -116 -108 -128 -112 -125 -120 -126 -123 -100  -29 -127 -109  -95 -106 -124 -125 -120 -106 -118  -79  -86
  -117 -113 -127 -118 -112 -126 -109  -94 -114 -113 -113 -117 -116 -124 -123 -122  -85 -123 -118 -125 -116 -113  -88
   -84 -113  -93 -117 -126 -120 -118 -112 -108 -128 -121 -111 -123 -124 -113  -96  -99  -98  -49 -127 -114  -86 -104
  -108 -128 -124 -124 -123 -116 -118 -124 -116 -120 -115 -123 -106 -123 -120 -126  -92 -100 -117 -128 -119  -97 -123
  -101 -127 -120  -99 -122 -101  -96 -108 -111 -118 -126 -100 -127 -109 -120 -102 -102 -108 -121  -69 -114 -126 -108
  -112 -120 -125 -111  -97 -116 -125 -125 -119 -112 -119 -122 -124 -127 -123 -101 -118 -104 -104 -125  -93  -97 -116
   -81 -115 -117 -116 -122 -121 -104 -113 -122 -122 -115 -123  -99 -113 -123 -118 -126 -101  -90 -124 -123 -108 -120
  -109   35 -125 -120  -89 -118 -104 -118 -101 -112 -111 -122  -88 -112 -119 -127 -105  -93 -126  -74 -119 -117 -125
   -99 -121 -117 -104 -125 -124 -117 -124 -117 -102 -128 -127  -99  -72  -90 -116 -116 -120 -109 -122  -96 -114  -73
  -111  -90 -119 -121 -122  -98 -118 -125 -109 -118 -124 -119 -126  -75  -53 -107 -121 -113 -115 -112 -116 -113 -121
  -116  -93 -111 -104 -119 -126  -82  -92 -117  -81 -121 -119 -114 -115 -125  -94 -109 -109 -116 -124 -126 -123 -113
  -126 -114 -126 -115 -122 -128 -118 -123  -87  -99 -119 -104 -114 -120 -104 -115 -116  -66 -103 -119 -111 -117  -98
   -77 -110 -124 -102 -123  -97 -119 -107  -66  -97 -125 -124  -99 -121 -120 -111 -104 -123 -122 -116 -115 -119  -93
   -95 -124 -101 -111 -125 -128 -125 -126 -123 -117 -118 -114 -126 -118 -103  -94 -126  -82  -95 -119  -67 -115 -125
  -120 -122 -104  -80 -124 -110 -122 -123 -128 -107 -118 -121 -120 -112  -70 -121 -120 -123 -122 -106 -117 -110 -120
  -127  -90 -118 -114 -106 -121 -119 -107  -99  -88 -127 -116 -127 -121 -105  -57  -58 -122 -115 -114  -30 -123 -126
  -119  -93 -121 -110 -121 -116 -126 -102 -103 -112 -128  -97 -118  -66 -121  -76 -112 -122 -127 -114 -121 -102  -96
   -80 -121 -108 -112 -103 -117  -86  -91 -115 -110  -60 -120 -122 -118  -84 -107 -124 -104  -84 -120 -122  -64 -109
  -104 -118 -125 -117 -128  -56 -116 -123 -122 -102 -115 -106 -126 -125 -114 -122 -110 -119  -95 -125  -95 -101 -111
   -74 -117 -125 -120 -121 -116  -96  -99  -89 -124 -102  -73 -116 -118 -120 -125 -115 -124 -124 -120 -110 -114  -63
  -118 -112 -124 -109 -114 -110 -124 -118 -115 -121 -126 -105 -103 -112 -115 -124 -120  -79 -118 -125 -124 -102 -124
  -125 -118 -114 -120 -119 -109 -111  -95  -75 -126 -101 -118 -118 -100 -115 -106 -106 -119 -103  -99 -127 -109 -115
  -123 -117 -124 -112 -110 -104 -123 -107 -112 -113 -107  -90 -128 -123 -111 -126 -112 -123 -114 -114 -121 -122 -117
  -115  -99 -118 -118  -57  -92  -99  -66  -95 -124  -55  -81 -111 -112 -102 -104 -108 -125 -117 -123 -117 -127 -124
  -121  -81 -111 -124 -121]]

=== IFM1 ===
N/A

=== BIAS ===
N/A

=== OFM ===
name    : build_efficientnetv2_b0_full_bnless/block5c_se_reshape/Shape
index   : 303
shape   : [2]
dtype   : <class 'numpy.int32'>
quant   : {'scales': [], 'zero_points': [], 'axis': 0, 'scale_tuple': 0.0, 'zp_tuple': 0}
values(int):
[  1 672]
