MODEL : efficientnetv2_b0_bnless_int8.tflite
OP #112: MUL

=== INPUT0 ===
name    : build_efficientnetv2_b0_full_bnless/block5c_se_expand/Relu6;build_efficientnetv2_b0_full_bnless/block5c_se_expand/add;build_efficientnetv2_b0_full_bnless/block5c_se_expand/BiasAdd/ReadVariableOp;build_efficientnetv2_b0_full_bnless/block5c_se_expand/BiasAdd;build_efficientnetv2_b0_full_bnless/block6a_se_expand/Conv2D;build_efficientnetv2_b0_full_bnless/block5c_se_expand/Conv2D;build_efficientnetv2_b0_full_bnless/block1a_project_activation/add/y1
index   : 309
shape   : [1, 1, 1, 672]
dtype   : <class 'numpy.int8'>
quant   : {'scales': [0.0235294122248888], 'zero_points': [-128], 'axis': 0, 'scale_tuple': 0.0235294122248888, 'zp_tuple': -128}
values(int):
[[[[   2 -128   -5  -20  -16  -33   -5  -53    7    3  -49    3   -1   40   46    3   45  -36   10  -20  -40   -8
     -11  -37   -1 -106  -67   14    0  -15   35 -122 -128   -7  -18 -121  -38  -59   -9   12   -1 -103  -11  -76
      38  -69   18   14  -57   25  -13  -88  -61    7  -30   21   16   -4   48  -59  -98  -31   44   10  -13 -127
     -84  -11  -30 -128    3   13  -94 -101    4   -8  -91  -20 -128  -75   -5  -20    5  -84  -11  -80   17  -10
       9  -66 -128  -11  -28  -32  -53  -37  -21   23  -30   23   50  -93 -108  -20  -61   24   28   42 -128  -78
     -55  -16 -128 -118   -5 -103   -7  -69  -63  -67  -33  -18 -101 -118   -2    6   -8  -65  -25   32    4 -122
      35  -72  -11  -53    5  -35    7  -89  -44   17 -110   37  -64   -3  -80  -87 -128  -38   15  -76   -4  -21
      -8    3 -100    5    5   10   49 -128  -45   31  -36 -104   31   14  -15   25 -102   38   -9   -6  -62   13
     -33    7 -101  -70  -55 -123  -98   20  -30   10  -76  -34   -7  -27  -22  -37  -98  -63  -35  -42  -27   21
     -33   13  -26   15  -27  -80  -25   10  -72 -107  -89   -1  -25  -32  -25   54  -70 -128 -106  -57 -107   -7
      -2 -128  -67   -5  -38  -35   -5   -1  -47   13   24   34  -81   -7   31  -94  -26   -3    3  -23  -16  -42
     -18 -121   17  -36    7 -115 -121  -27   78   50  -14  -44  -49 -111  -98  -72   -5  -41  -95  -70  -56 -128
       8    8  -94  -10  -74  -72   27   -2  -83   -8   -7   18  -45 -128  -10   -8   49  -10   -2 -128   40  -80
      -7   -8  -83 -110  -12    6   15    1   14   10  -88  -29   30   45  -67  -23   28  -59  -47  -17  -33 -126
      -9  -89  -44  -47   38   13 -123   35  -10  -14  -75   24  -53    8  -20   11  -14  -30   -8   42   13    8
      18 -122   22    2  -63  -10  -46  -48 -128   13  -31   -1  -92 -128    9    0    1  -27  -61  -64   -8  -53
      21   54    6   -8 -121 -121   35  -29  -29  -20  -20    8   18    7   -4  -14   10 -128 -128  -37  -71   19
     -17  -55  -14   23  -22 -114 -128   17   -5   -7  -19  -94  -34   14 -128  -11  -18  -42  -38  -11  -53 -128
     -26  -16  -86  -66 -123   28  -12   14   31   -8  -31  -27   13  -31  -24 -102 -128    0  -71  -47   28  -26
      -3 -111  -28  -24  -29  -26   26 -102  -55  -14    0  -55   62 -100   82  -61 -113    9 -121 -110  -35  -14
     -37   23  -43    2  -55  -55  -21  -33    8  -26  -88   32  -47  -38    4  -15  -73  -22  -31   20 -111   39
      -5 -103  -25   20  -59    5  -72   49  -57   15  -50   36    3 -111 -119   -3  -92  -49   -1    6  -90  -19
    -112 -128   -3 -128   18   -2  -12    4   17 -103   14 -108 -118  -42   20  -62   13  -19 -128  -51  -13   21
     -84    1   14  -14  -79  -39 -115  -85  -23   16  -10  -98 -102  -74  -88   11   -5  -54  -36   20   43  -18
     -74   50  -10   14  -22  -21  -27  -84   26   12   -4   -6  -70 -128  -67  -90  -52  -16  -27 -110   51  -16
      30    9  -18  -17  -80  -92   17    2  -94   26   89  -58  -14  -42  -77  -21  -32  -78 -108  -23 -128  -14
     -64   -6  -50  -45  -45  -69  -14   15    9  -18  -44  -73  -84   67  -42   -7   35 -122   15  -28   -6 -119
     -47  -79   37    0 -111   -5  -50 -128  -14  -89  -18   35 -123  -22   35  -12  -21  -58  -20    8  -10   21
     -13   23  -78   44   39    6  -17  -24  -25   26    2  -31  -46  -72   -6  -24  -68  -65  -94  -18  -69   32
     -17 -105   21 -111 -103 -128  -65  -41 -106 -128    4  -58    3  -18   28   60  -53  -30  -15  -74   31  -59
     -29   39  -29  -59   11  -28  -31   14  -74  -42  -79  -27]]]]

=== INPUT1 ===
name    : build_efficientnetv2_b0_full_bnless/block2a_expand_activation/truediv;build_efficientnetv2_b0_full_bnless/block1a_project_activation/truediv/y
index   : 166
shape   : []
dtype   : <class 'numpy.int8'>
quant   : {'scales': [0.0006535947904922068], 'zero_points': [-128], 'axis': 0, 'scale_tuple': 0.0006535947904922068, 'zp_tuple': -128}
values(int):
127

=== OFM ===
name    : build_efficientnetv2_b0_full_bnless/block5c_se_expand/truediv;build_efficientnetv2_b0_full_bnless/block1a_project_activation/truediv/y
index   : 310
shape   : [1, 1, 1, 672]
dtype   : <class 'numpy.int8'>
quant   : {'scales': [0.003921568859368563], 'zero_points': [-128], 'axis': 0, 'scale_tuple': 0.003921568859368563, 'zp_tuple': -128}
values(int):
[[[[   2 -128   -5  -20  -16  -33   -5  -53    7    3  -49    3   -1   40   46    3   45  -36   10  -20  -40   -8
     -11  -37   -1 -106  -67   14    0  -15   35 -122 -128   -7  -18 -121  -38  -59   -9   12   -1 -103  -11  -76
      38  -69   18   14  -57   25  -13  -88  -61    7  -30   21   16   -4   48  -59  -98  -31   44   10  -13 -127
     -84  -11  -30 -128    3   13  -94 -101    4   -8  -91  -20 -128  -75   -5  -20    5  -84  -11  -80   17  -10
       9  -66 -128  -11  -28  -32  -53  -37  -21   23  -30   23   50  -93 -108  -20  -61   24   28   42 -128  -78
     -55  -16 -128 -118   -5 -103   -7  -69  -63  -67  -33  -18 -101 -118   -2    6   -8  -65  -25   32    4 -122
      35  -72  -11  -53    5  -35    7  -89  -44   17 -110   37  -64   -3  -80  -87 -128  -38   15  -76   -4  -21
      -8    3 -100    5    5   10   49 -128  -45   31  -36 -104   31   14  -15   25 -102   38   -9   -6  -62   13
     -33    7 -101  -70  -55 -123  -98   20  -30   10  -76  -34   -7  -27  -22  -37  -98  -63  -35  -42  -27   21
     -33   13  -26   15  -27  -80  -25   10  -72 -107  -89   -1  -25  -32  -25   54  -70 -128 -106  -57 -107   -7
      -2 -128  -67   -5  -38  -35   -5   -1  -47   13   24   34  -81   -7   31  -94  -26   -3    3  -23  -16  -42
     -18 -121   17  -36    7 -115 -121  -27   78   50  -14  -44  -49 -111  -98  -72   -5  -41  -95  -70  -56 -128
       8    8  -94  -10  -74  -72   27   -2  -83   -8   -7   18  -45 -128  -10   -8   49  -10   -2 -128   40  -80
      -7   -8  -83 -110  -12    6   15    1   14   10  -88  -29   30   45  -67  -23   28  -59  -47  -17  -33 -126
      -9  -89  -44  -47   38   13 -123   35  -10  -14  -75   24  -53    8  -20   11  -14  -30   -8   42   13    8
      18 -122   22    2  -63  -10  -46  -48 -128   13  -31   -1  -92 -128    9    0    1  -27  -61  -64   -8  -53
      21   54    6   -8 -121 -121   35  -29  -29  -20  -20    8   18    7   -4  -14   10 -128 -128  -37  -71   19
     -17  -55  -14   23  -22 -114 -128   17   -5   -7  -19  -94  -34   14 -128  -11  -18  -42  -38  -11  -53 -128
     -26  -16  -86  -66 -123   28  -12   14   31   -8  -31  -27   13  -31  -24 -102 -128    0  -71  -47   28  -26
      -3 -111  -28  -24  -29  -26   26 -102  -55  -14    0  -55   62 -100   82  -61 -113    9 -121 -110  -35  -14
     -37   23  -43    2  -55  -55  -21  -33    8  -26  -88   32  -47  -38    4  -15  -73  -22  -31   20 -111   39
      -5 -103  -25   20  -59    5  -72   49  -57   15  -50   36    3 -111 -119   -3  -92  -49   -1    6  -90  -19
    -112 -128   -3 -128   18   -2  -12    4   17 -103   14 -108 -118  -42   20  -62   13  -19 -128  -51  -13   21
     -84    1   14  -14  -79  -39 -115  -85  -23   16  -10  -98 -102  -74  -88   11   -5  -54  -36   20   43  -18
     -74   50  -10   14  -22  -21  -27  -84   26   12   -4   -6  -70 -128  -67  -90  -52  -16  -27 -110   51  -16
      30    9  -18  -17  -80  -92   17    2  -94   26   89  -58  -14  -42  -77  -21  -32  -78 -108  -23 -128  -14
     -64   -6  -50  -45  -45  -69  -14   15    9  -18  -44  -73  -84   67  -42   -7   35 -122   15  -28   -6 -119
     -47  -79   37    0 -111   -5  -50 -128  -14  -89  -18   35 -123  -22   35  -12  -21  -58  -20    8  -10   21
     -13   23  -78   44   39    6  -17  -24  -25   26    2  -31  -46  -72   -6  -24  -68  -65  -94  -18  -69   32
     -17 -105   21 -111 -103 -128  -65  -41 -106 -128    4  -58    3  -18   28   60  -53  -30  -15  -74   31  -59
     -29   39  -29  -59   11  -28  -31   14  -74  -42  -79  -27]]]]

--- VERIFY MUL (elementwise) ---
real_mult=(s_x*s_y)/s_z=0.00392156858773 -> M=1077952565, n=7
idx | x | y | (x-zpx) | (y-zpy) | prod | SRDHM(prod,M) | Rshift | y_calc | y_ref | match
(0, 0, 0, 0) | 2 | 127 | 130 | 255 | 33150 | 16640 | >>7 | 2 | 2 | OK
(0, 0, 0, 1) | -128 | 127 | 0 | 255 | 0 | 0 | >>7 | -128 | -128 | OK
(0, 0, 0, 2) | -5 | 127 | 123 | 255 | 31365 | 15744 | >>7 | -5 | -5 | OK
(0, 0, 0, 3) | -20 | 127 | 108 | 255 | 27540 | 13824 | >>7 | -20 | -20 | OK
(0, 0, 0, 4) | -16 | 127 | 112 | 255 | 28560 | 14336 | >>7 | -16 | -16 | OK
(0, 0, 0, 5) | -33 | 127 | 95 | 255 | 24225 | 12160 | >>7 | -33 | -33 | OK
(0, 0, 0, 6) | -5 | 127 | 123 | 255 | 31365 | 15744 | >>7 | -5 | -5 | OK
(0, 0, 0, 7) | -53 | 127 | 75 | 255 | 19125 | 9600 | >>7 | -53 | -53 | OK
(0, 0, 0, 0) | 2 | 127 | 130 | 255 | 33150 | 16640 | >>7 | 2 | 2 | OK
(0, 0, 0, 1) | -128 | 127 | 0 | 255 | 0 | 0 | >>7 | -128 | -128 | OK
(0, 0, 0, 2) | -5 | 127 | 123 | 255 | 31365 | 15744 | >>7 | -5 | -5 | OK
(0, 0, 0, 3) | -20 | 127 | 108 | 255 | 27540 | 13824 | >>7 | -20 | -20 | OK
(0, 0, 0, 4) | -16 | 127 | 112 | 255 | 28560 | 14336 | >>7 | -16 | -16 | OK
(0, 0, 0, 5) | -33 | 127 | 95 | 255 | 24225 | 12160 | >>7 | -33 | -33 | OK
(0, 0, 0, 6) | -5 | 127 | 123 | 255 | 31365 | 15744 | >>7 | -5 | -5 | OK
(0, 0, 0, 7) | -53 | 127 | 75 | 255 | 19125 | 9600 | >>7 | -53 | -53 | OK
(0, 0, 0, 8) | 7 | 127 | 135 | 255 | 34425 | 17280 | >>7 | 7 | 7 | OK
(0, 0, 0, 9) | 3 | 127 | 131 | 255 | 33405 | 16768 | >>7 | 3 | 3 | OK
(0, 0, 0, 10) | -49 | 127 | 79 | 255 | 20145 | 10112 | >>7 | -49 | -49 | OK
(0, 0, 0, 11) | 3 | 127 | 131 | 255 | 33405 | 16768 | >>7 | 3 | 3 | OK
(0, 0, 0, 12) | -1 | 127 | 127 | 255 | 32385 | 16256 | >>7 | -1 | -1 | OK
(0, 0, 0, 13) | 40 | 127 | 168 | 255 | 42840 | 21504 | >>7 | 40 | 40 | OK
(0, 0, 0, 14) | 46 | 127 | 174 | 255 | 44370 | 22272 | >>7 | 46 | 46 | OK
(0, 0, 0, 15) | 3 | 127 | 131 | 255 | 33405 | 16768 | >>7 | 3 | 3 | OK
(0, 0, 0, 16) | 45 | 127 | 173 | 255 | 44115 | 22144 | >>7 | 45 | 45 | OK
(0, 0, 0, 17) | -36 | 127 | 92 | 255 | 23460 | 11776 | >>7 | -36 | -36 | OK
(0, 0, 0, 18) | 10 | 127 | 138 | 255 | 35190 | 17664 | >>7 | 10 | 10 | OK
(0, 0, 0, 19) | -20 | 127 | 108 | 255 | 27540 | 13824 | >>7 | -20 | -20 | OK
(0, 0, 0, 20) | -40 | 127 | 88 | 255 | 22440 | 11264 | >>7 | -40 | -40 | OK
(0, 0, 0, 21) | -8 | 127 | 120 | 255 | 30600 | 15360 | >>7 | -8 | -8 | OK
(0, 0, 0, 22) | -11 | 127 | 117 | 255 | 29835 | 14976 | >>7 | -11 | -11 | OK
(0, 0, 0, 23) | -37 | 127 | 91 | 255 | 23205 | 11648 | >>7 | -37 | -37 | OK
(0, 0, 0, 24) | -1 | 127 | 127 | 255 | 32385 | 16256 | >>7 | -1 | -1 | OK
(0, 0, 0, 25) | -106 | 127 | 22 | 255 | 5610 | 2816 | >>7 | -106 | -106 | OK
(0, 0, 0, 26) | -67 | 127 | 61 | 255 | 15555 | 7808 | >>7 | -67 | -67 | OK
(0, 0, 0, 27) | 14 | 127 | 142 | 255 | 36210 | 18176 | >>7 | 14 | 14 | OK
(0, 0, 0, 28) | 0 | 127 | 128 | 255 | 32640 | 16384 | >>7 | 0 | 0 | OK
(0, 0, 0, 29) | -15 | 127 | 113 | 255 | 28815 | 14464 | >>7 | -15 | -15 | OK
(0, 0, 0, 30) | 35 | 127 | 163 | 255 | 41565 | 20864 | >>7 | 35 | 35 | OK
(0, 0, 0, 31) | -122 | 127 | 6 | 255 | 1530 | 768 | >>7 | -122 | -122 | OK
(0, 0, 0, 32) | -128 | 127 | 0 | 255 | 0 | 0 | >>7 | -128 | -128 | OK
(0, 0, 0, 33) | -7 | 127 | 121 | 255 | 30855 | 15488 | >>7 | -7 | -7 | OK
(0, 0, 0, 34) | -18 | 127 | 110 | 255 | 28050 | 14080 | >>7 | -18 | -18 | OK
(0, 0, 0, 35) | -121 | 127 | 7 | 255 | 1785 | 896 | >>7 | -121 | -121 | OK
(0, 0, 0, 36) | -38 | 127 | 90 | 255 | 22950 | 11520 | >>7 | -38 | -38 | OK
(0, 0, 0, 37) | -59 | 127 | 69 | 255 | 17595 | 8832 | >>7 | -59 | -59 | OK
(0, 0, 0, 38) | -9 | 127 | 119 | 255 | 30345 | 15232 | >>7 | -9 | -9 | OK
(0, 0, 0, 39) | 12 | 127 | 140 | 255 | 35700 | 17920 | >>7 | 12 | 12 | OK
(0, 0, 0, 40) | -1 | 127 | 127 | 255 | 32385 | 16256 | >>7 | -1 | -1 | OK
(0, 0, 0, 41) | -103 | 127 | 25 | 255 | 6375 | 3200 | >>7 | -103 | -103 | OK
(0, 0, 0, 42) | -11 | 127 | 117 | 255 | 29835 | 14976 | >>7 | -11 | -11 | OK
(0, 0, 0, 43) | -76 | 127 | 52 | 255 | 13260 | 6656 | >>7 | -76 | -76 | OK
(0, 0, 0, 44) | 38 | 127 | 166 | 255 | 42330 | 21248 | >>7 | 38 | 38 | OK
(0, 0, 0, 45) | -69 | 127 | 59 | 255 | 15045 | 7552 | >>7 | -69 | -69 | OK
(0, 0, 0, 46) | 18 | 127 | 146 | 255 | 37230 | 18688 | >>7 | 18 | 18 | OK
(0, 0, 0, 47) | 14 | 127 | 142 | 255 | 36210 | 18176 | >>7 | 14 | 14 | OK
(0, 0, 0, 48) | -57 | 127 | 71 | 255 | 18105 | 9088 | >>7 | -57 | -57 | OK
(0, 0, 0, 49) | 25 | 127 | 153 | 255 | 39015 | 19584 | >>7 | 25 | 25 | OK
(0, 0, 0, 50) | -13 | 127 | 115 | 255 | 29325 | 14720 | >>7 | -13 | -13 | OK
(0, 0, 0, 51) | -88 | 127 | 40 | 255 | 10200 | 5120 | >>7 | -88 | -88 | OK
(0, 0, 0, 52) | -61 | 127 | 67 | 255 | 17085 | 8576 | >>7 | -61 | -61 | OK
(0, 0, 0, 53) | 7 | 127 | 135 | 255 | 34425 | 17280 | >>7 | 7 | 7 | OK
(0, 0, 0, 54) | -30 | 127 | 98 | 255 | 24990 | 12544 | >>7 | -30 | -30 | OK
(0, 0, 0, 55) | 21 | 127 | 149 | 255 | 37995 | 19072 | >>7 | 21 | 21 | OK
