MODEL : efficientnetv2_b0_bnless_int8.tflite
OP #128: MUL

=== INPUT0 ===
name    : build_efficientnetv2_b0_full_bnless/block5d_se_expand/Relu6;build_efficientnetv2_b0_full_bnless/block5d_se_expand/add;build_efficientnetv2_b0_full_bnless/block5d_se_expand/BiasAdd/ReadVariableOp;build_efficientnetv2_b0_full_bnless/block5d_se_expand/BiasAdd;build_efficientnetv2_b0_full_bnless/block6a_se_expand/Conv2D;build_efficientnetv2_b0_full_bnless/block5d_se_expand/Conv2D;build_efficientnetv2_b0_full_bnless/block1a_project_activation/add/y1
index   : 325
shape   : [1, 1, 1, 672]
dtype   : <class 'numpy.int8'>
quant   : {'scales': [0.0235294122248888], 'zero_points': [-128], 'axis': 0, 'scale_tuple': 0.0235294122248888, 'zp_tuple': -128}
values(int):
[[[[ -28   17 -118  -76  -54  -25  -75  -19  -44   25  -10  -87  -30   61   22 -128  -70  -24   19  -26    2   34
    -128  -16  -44  -46   11  -81  -24   32 -127  -76  -13  -71   22  -75  -19  -27  -40  -21  -84  -62   -9   15
       5  -47  -66  -20  -10  -19 -107  -47  -24 -124    0 -113   -6   -2  -85  -55  -35   -8  -75  -47  -64   -9
      31  -63   49  -40  -48   -5  -60  -57  -72 -106  -22 -106   40   -9 -121  -31  -62  -37  -10  -20   65   31
     -70  -11  -40 -128    0    0  -47  -50  -56  -12  -16   18  -37  -89  -23  -17  -63  -18 -128  -29  -15  -32
     -24  -18 -104   19 -103  -52    5  -12 -103  -25   26 -111  -52  -72  -63  -58  -72   -3   -6 -128    0   57
     -39    3  -55  -30 -116  -16  -31 -111  -90  -53  -73   -6 -103   46  -14   -1   34  -89 -128  -46  -24  -42
     -59  -31    2  -30 -128  -61  -22    1    0    1  -16  -81   18  -39  -70  -16  -51  -81 -121  -51  -44  -48
     -33  -87  -54   -9  -31  -95  -93  -63    2  -63   14  -23   19  -82  -87  -86  -57   -9   22  -34   47   46
     -65   42  -84  -14  -81   -6   -8   13  -19   10   51  -20   24   -8  -28  -54  -23  -18   35  -79  -59   -8
      15  -81 -128  -46  -11  -60   19 -128  -83  -48  -15  -24  -84  -52  -80  -29   -6  -42    5  -31 -128   28
    -128  -96   -5   14  -14  -41  -21   18  -44  -48  -15   -7 -128  -32  -98  -53   33   -1  -31  -14   39    8
     -41   29    7  -58  -55  -10  -47  -34  -17  -31   15   -5  -61  -21  -76  -92  -87  -17   19 -128  -68  -33
     -49    3  -31   12  -46  -52  -15  -15  -23  -33   34   26  -42  -44  -23  -33  -65  -27  -93  -88  -23  -43
     -23   -6  -27 -116  -62  -97  -62 -123 -110  -63  -69  -83  -17 -119  -18  -41   31  -35  -61  -76  -19  -48
     -16   18  -17  -45  -13  -31 -128  -54  -22   16  -59  -10  -57  -69  -54  -18   43  -60  -18  -19  -65    3
     -45  -58   46  -78  -95  -42   31   48 -128  -75    1   -6  -27   -4  -20 -128   13   41  -27 -116  -84  -61
      -1  -38   59   41  -38   18 -100  -24  -40  -42  -99 -128  -63  -72  -21  -24  -32 -102 -109  -17  -62  -78
      20   -8  -32   34    7  -33  -11 -128  -85 -103 -125 -114   -6   -7  -23  -33    8  -57  -13   -8  -28  -25
     -29   31   29  -77   61    9   -3  -18  -16   14  -16    5   25   59  -55 -122  -15  -44  -20  -48   37   -3
     -43  -58  -39   -2   54   -1   12  -55  -38  -52  -76  -12    5   26  -21    1  -82  -45   11    0    9  -21
     -21   53  -47  -57    6    3  -53    0  -82    2  -60    1  -44   -9   24   -5  -42   -3  -15    3   -7  -19
     -84  -48    8  -41   25   -5  -86  -10   -4 -128  -27  -90   48  -48   -4  -14 -128   62  -26   34  -99   -7
      49  -17  -41   -4 -124    3   -3  -38  -10 -128  -59  -29  -82   47    0  -17  -24  -24   34    6    1   45
      24   43   12  -60   -1  -79 -115 -104  -59  -20  -42   17  -74   51  -45 -109   57   30 -105   -1  -17  -51
      26   18  -92  -18  -45 -128  -81  -32 -128   12   12    2  -28  -16  -63  -92  -26  -69  -11  -46  -23   -6
     -19 -103   19 -128   -4  -22  -24  -68   28  -12  -26   40   -8   32   45  -18    0  -66 -128  -66  -13  -76
     -80  -89  -77   20  -19   17  -90    0    1  -70 -128  -69   58    3  -66 -113  -23  -70  -11   -8  -37  -45
     -16   -3    9  -79 -105  -18   31   21  -11  -75  -36  -21 -106  -64  -56   56  -88  -49   -3   31  -57  -97
     -21  -41 -128  -87  -68  -23    5  -27  -37  -66  -11  -19  -39   14   22 -118   16 -128 -111  -25 -128   -3
     -43  -17  -20   -7  -24  -74  -17  -79  -67  -81  -14 -101]]]]

=== INPUT1 ===
name    : build_efficientnetv2_b0_full_bnless/block2a_expand_activation/truediv;build_efficientnetv2_b0_full_bnless/block1a_project_activation/truediv/y
index   : 166
shape   : []
dtype   : <class 'numpy.int8'>
quant   : {'scales': [0.0006535947904922068], 'zero_points': [-128], 'axis': 0, 'scale_tuple': 0.0006535947904922068, 'zp_tuple': -128}
values(int):
127

=== OFM ===
name    : build_efficientnetv2_b0_full_bnless/block5d_se_expand/truediv;build_efficientnetv2_b0_full_bnless/block1a_project_activation/truediv/y
index   : 326
shape   : [1, 1, 1, 672]
dtype   : <class 'numpy.int8'>
quant   : {'scales': [0.003921568859368563], 'zero_points': [-128], 'axis': 0, 'scale_tuple': 0.003921568859368563, 'zp_tuple': -128}
values(int):
[[[[ -28   17 -118  -76  -54  -25  -75  -19  -44   25  -10  -87  -30   61   22 -128  -70  -24   19  -26    2   34
    -128  -16  -44  -46   11  -81  -24   32 -127  -76  -13  -71   22  -75  -19  -27  -40  -21  -84  -62   -9   15
       5  -47  -66  -20  -10  -19 -107  -47  -24 -124    0 -113   -6   -2  -85  -55  -35   -8  -75  -47  -64   -9
      31  -63   49  -40  -48   -5  -60  -57  -72 -106  -22 -106   40   -9 -121  -31  -62  -37  -10  -20   65   31
     -70  -11  -40 -128    0    0  -47  -50  -56  -12  -16   18  -37  -89  -23  -17  -63  -18 -128  -29  -15  -32
     -24  -18 -104   19 -103  -52    5  -12 -103  -25   26 -111  -52  -72  -63  -58  -72   -3   -6 -128    0   57
     -39    3  -55  -30 -116  -16  -31 -111  -90  -53  -73   -6 -103   46  -14   -1   34  -89 -128  -46  -24  -42
     -59  -31    2  -30 -128  -61  -22    1    0    1  -16  -81   18  -39  -70  -16  -51  -81 -121  -51  -44  -48
     -33  -87  -54   -9  -31  -95  -93  -63    2  -63   14  -23   19  -82  -87  -86  -57   -9   22  -34   47   46
     -65   42  -84  -14  -81   -6   -8   13  -19   10   51  -20   24   -8  -28  -54  -23  -18   35  -79  -59   -8
      15  -81 -128  -46  -11  -60   19 -128  -83  -48  -15  -24  -84  -52  -80  -29   -6  -42    5  -31 -128   28
    -128  -96   -5   14  -14  -41  -21   18  -44  -48  -15   -7 -128  -32  -98  -53   33   -1  -31  -14   39    8
     -41   29    7  -58  -55  -10  -47  -34  -17  -31   15   -5  -61  -21  -76  -92  -87  -17   19 -128  -68  -33
     -49    3  -31   12  -46  -52  -15  -15  -23  -33   34   26  -42  -44  -23  -33  -65  -27  -93  -88  -23  -43
     -23   -6  -27 -116  -62  -97  -62 -123 -110  -63  -69  -83  -17 -119  -18  -41   31  -35  -61  -76  -19  -48
     -16   18  -17  -45  -13  -31 -128  -54  -22   16  -59  -10  -57  -69  -54  -18   43  -60  -18  -19  -65    3
     -45  -58   46  -78  -95  -42   31   48 -128  -75    1   -6  -27   -4  -20 -128   13   41  -27 -116  -84  -61
      -1  -38   59   41  -38   18 -100  -24  -40  -42  -99 -128  -63  -72  -21  -24  -32 -102 -109  -17  -62  -78
      20   -8  -32   34    7  -33  -11 -128  -85 -103 -125 -114   -6   -7  -23  -33    8  -57  -13   -8  -28  -25
     -29   31   29  -77   61    9   -3  -18  -16   14  -16    5   25   59  -55 -122  -15  -44  -20  -48   37   -3
     -43  -58  -39   -2   54   -1   12  -55  -38  -52  -76  -12    5   26  -21    1  -82  -45   11    0    9  -21
     -21   53  -47  -57    6    3  -53    0  -82    2  -60    1  -44   -9   24   -5  -42   -3  -15    3   -7  -19
     -84  -48    8  -41   25   -5  -86  -10   -4 -128  -27  -90   48  -48   -4  -14 -128   62  -26   34  -99   -7
      49  -17  -41   -4 -124    3   -3  -38  -10 -128  -59  -29  -82   47    0  -17  -24  -24   34    6    1   45
      24   43   12  -60   -1  -79 -115 -104  -59  -20  -42   17  -74   51  -45 -109   57   30 -105   -1  -17  -51
      26   18  -92  -18  -45 -128  -81  -32 -128   12   12    2  -28  -16  -63  -92  -26  -69  -11  -46  -23   -6
     -19 -103   19 -128   -4  -22  -24  -68   28  -12  -26   40   -8   32   45  -18    0  -66 -128  -66  -13  -76
     -80  -89  -77   20  -19   17  -90    0    1  -70 -128  -69   58    3  -66 -113  -23  -70  -11   -8  -37  -45
     -16   -3    9  -79 -105  -18   31   21  -11  -75  -36  -21 -106  -64  -56   56  -88  -49   -3   31  -57  -97
     -21  -41 -128  -87  -68  -23    5  -27  -37  -66  -11  -19  -39   14   22 -118   16 -128 -111  -25 -128   -3
     -43  -17  -20   -7  -24  -74  -17  -79  -67  -81  -14 -101]]]]

--- VERIFY MUL (elementwise) ---
real_mult=(s_x*s_y)/s_z=0.00392156858773 -> M=1077952565, n=7
idx | x | y | (x-zpx) | (y-zpy) | prod | SRDHM(prod,M) | Rshift | y_calc | y_ref | match
(0, 0, 0, 0) | -28 | 127 | 100 | 255 | 25500 | 12800 | >>7 | -28 | -28 | OK
(0, 0, 0, 1) | 17 | 127 | 145 | 255 | 36975 | 18560 | >>7 | 17 | 17 | OK
(0, 0, 0, 2) | -118 | 127 | 10 | 255 | 2550 | 1280 | >>7 | -118 | -118 | OK
(0, 0, 0, 3) | -76 | 127 | 52 | 255 | 13260 | 6656 | >>7 | -76 | -76 | OK
(0, 0, 0, 4) | -54 | 127 | 74 | 255 | 18870 | 9472 | >>7 | -54 | -54 | OK
(0, 0, 0, 5) | -25 | 127 | 103 | 255 | 26265 | 13184 | >>7 | -25 | -25 | OK
(0, 0, 0, 6) | -75 | 127 | 53 | 255 | 13515 | 6784 | >>7 | -75 | -75 | OK
(0, 0, 0, 7) | -19 | 127 | 109 | 255 | 27795 | 13952 | >>7 | -19 | -19 | OK
(0, 0, 0, 0) | -28 | 127 | 100 | 255 | 25500 | 12800 | >>7 | -28 | -28 | OK
(0, 0, 0, 1) | 17 | 127 | 145 | 255 | 36975 | 18560 | >>7 | 17 | 17 | OK
(0, 0, 0, 2) | -118 | 127 | 10 | 255 | 2550 | 1280 | >>7 | -118 | -118 | OK
(0, 0, 0, 3) | -76 | 127 | 52 | 255 | 13260 | 6656 | >>7 | -76 | -76 | OK
(0, 0, 0, 4) | -54 | 127 | 74 | 255 | 18870 | 9472 | >>7 | -54 | -54 | OK
(0, 0, 0, 5) | -25 | 127 | 103 | 255 | 26265 | 13184 | >>7 | -25 | -25 | OK
(0, 0, 0, 6) | -75 | 127 | 53 | 255 | 13515 | 6784 | >>7 | -75 | -75 | OK
(0, 0, 0, 7) | -19 | 127 | 109 | 255 | 27795 | 13952 | >>7 | -19 | -19 | OK
(0, 0, 0, 8) | -44 | 127 | 84 | 255 | 21420 | 10752 | >>7 | -44 | -44 | OK
(0, 0, 0, 9) | 25 | 127 | 153 | 255 | 39015 | 19584 | >>7 | 25 | 25 | OK
(0, 0, 0, 10) | -10 | 127 | 118 | 255 | 30090 | 15104 | >>7 | -10 | -10 | OK
(0, 0, 0, 11) | -87 | 127 | 41 | 255 | 10455 | 5248 | >>7 | -87 | -87 | OK
(0, 0, 0, 12) | -30 | 127 | 98 | 255 | 24990 | 12544 | >>7 | -30 | -30 | OK
(0, 0, 0, 13) | 61 | 127 | 189 | 255 | 48195 | 24192 | >>7 | 61 | 61 | OK
(0, 0, 0, 14) | 22 | 127 | 150 | 255 | 38250 | 19200 | >>7 | 22 | 22 | OK
(0, 0, 0, 15) | -128 | 127 | 0 | 255 | 0 | 0 | >>7 | -128 | -128 | OK
(0, 0, 0, 16) | -70 | 127 | 58 | 255 | 14790 | 7424 | >>7 | -70 | -70 | OK
(0, 0, 0, 17) | -24 | 127 | 104 | 255 | 26520 | 13312 | >>7 | -24 | -24 | OK
(0, 0, 0, 18) | 19 | 127 | 147 | 255 | 37485 | 18816 | >>7 | 19 | 19 | OK
(0, 0, 0, 19) | -26 | 127 | 102 | 255 | 26010 | 13056 | >>7 | -26 | -26 | OK
(0, 0, 0, 20) | 2 | 127 | 130 | 255 | 33150 | 16640 | >>7 | 2 | 2 | OK
(0, 0, 0, 21) | 34 | 127 | 162 | 255 | 41310 | 20736 | >>7 | 34 | 34 | OK
(0, 0, 0, 22) | -128 | 127 | 0 | 255 | 0 | 0 | >>7 | -128 | -128 | OK
(0, 0, 0, 23) | -16 | 127 | 112 | 255 | 28560 | 14336 | >>7 | -16 | -16 | OK
(0, 0, 0, 24) | -44 | 127 | 84 | 255 | 21420 | 10752 | >>7 | -44 | -44 | OK
(0, 0, 0, 25) | -46 | 127 | 82 | 255 | 20910 | 10496 | >>7 | -46 | -46 | OK
(0, 0, 0, 26) | 11 | 127 | 139 | 255 | 35445 | 17792 | >>7 | 11 | 11 | OK
(0, 0, 0, 27) | -81 | 127 | 47 | 255 | 11985 | 6016 | >>7 | -81 | -81 | OK
(0, 0, 0, 28) | -24 | 127 | 104 | 255 | 26520 | 13312 | >>7 | -24 | -24 | OK
(0, 0, 0, 29) | 32 | 127 | 160 | 255 | 40800 | 20480 | >>7 | 32 | 32 | OK
(0, 0, 0, 30) | -127 | 127 | 1 | 255 | 255 | 128 | >>7 | -127 | -127 | OK
(0, 0, 0, 31) | -76 | 127 | 52 | 255 | 13260 | 6656 | >>7 | -76 | -76 | OK
(0, 0, 0, 32) | -13 | 127 | 115 | 255 | 29325 | 14720 | >>7 | -13 | -13 | OK
(0, 0, 0, 33) | -71 | 127 | 57 | 255 | 14535 | 7296 | >>7 | -71 | -71 | OK
(0, 0, 0, 34) | 22 | 127 | 150 | 255 | 38250 | 19200 | >>7 | 22 | 22 | OK
(0, 0, 0, 35) | -75 | 127 | 53 | 255 | 13515 | 6784 | >>7 | -75 | -75 | OK
(0, 0, 0, 36) | -19 | 127 | 109 | 255 | 27795 | 13952 | >>7 | -19 | -19 | OK
(0, 0, 0, 37) | -27 | 127 | 101 | 255 | 25755 | 12928 | >>7 | -27 | -27 | OK
(0, 0, 0, 38) | -40 | 127 | 88 | 255 | 22440 | 11264 | >>7 | -40 | -40 | OK
(0, 0, 0, 39) | -21 | 127 | 107 | 255 | 27285 | 13696 | >>7 | -21 | -21 | OK
(0, 0, 0, 40) | -84 | 127 | 44 | 255 | 11220 | 5632 | >>7 | -84 | -84 | OK
(0, 0, 0, 41) | -62 | 127 | 66 | 255 | 16830 | 8448 | >>7 | -62 | -62 | OK
(0, 0, 0, 42) | -9 | 127 | 119 | 255 | 30345 | 15232 | >>7 | -9 | -9 | OK
(0, 0, 0, 43) | 15 | 127 | 143 | 255 | 36465 | 18304 | >>7 | 15 | 15 | OK
(0, 0, 0, 44) | 5 | 127 | 133 | 255 | 33915 | 17024 | >>7 | 5 | 5 | OK
(0, 0, 0, 45) | -47 | 127 | 81 | 255 | 20655 | 10368 | >>7 | -47 | -47 | OK
(0, 0, 0, 46) | -66 | 127 | 62 | 255 | 15810 | 7936 | >>7 | -66 | -66 | OK
(0, 0, 0, 47) | -20 | 127 | 108 | 255 | 27540 | 13824 | >>7 | -20 | -20 | OK
(0, 0, 0, 48) | -10 | 127 | 118 | 255 | 30090 | 15104 | >>7 | -10 | -10 | OK
(0, 0, 0, 49) | -19 | 127 | 109 | 255 | 27795 | 13952 | >>7 | -19 | -19 | OK
(0, 0, 0, 50) | -107 | 127 | 21 | 255 | 5355 | 2688 | >>7 | -107 | -107 | OK
(0, 0, 0, 51) | -47 | 127 | 81 | 255 | 20655 | 10368 | >>7 | -47 | -47 | OK
(0, 0, 0, 52) | -24 | 127 | 104 | 255 | 26520 | 13312 | >>7 | -24 | -24 | OK
(0, 0, 0, 53) | -124 | 127 | 4 | 255 | 1020 | 512 | >>7 | -124 | -124 | OK
(0, 0, 0, 54) | 0 | 127 | 128 | 255 | 32640 | 16384 | >>7 | 0 | 0 | OK
(0, 0, 0, 55) | -113 | 127 | 15 | 255 | 3825 | 1920 | >>7 | -113 | -113 | OK
