MODEL : efficientnetv2_b0_bnless_int8.tflite
OP #137: SHAPE

=== IFM0 ===
name    : build_efficientnetv2_b0_full_bnless/block5e_se_squeeze/Mean
index   : 334
shape   : [1, 672]
dtype   : <class 'numpy.int8'>
quant   : {'scales': [0.027493828907608986], 'zero_points': [-115], 'axis': 0, 'scale_tuple': 0.027493828907608986, 'zp_tuple': -115}
values(int):
[[-118 -128 -128 -114 -115 -106 -125 -120 -104 -120  -95 -110 -108 -115 -126 -119  -98  -97  -92 -120 -107 -128 -128
  -124 -107 -116 -128 -125 -101 -121 -121 -109 -128 -111 -117 -116 -117 -108 -116 -121 -126  -65 -128 -125 -128  -93
  -128 -126  -90 -108 -127  -90 -114 -119 -124 -121 -123 -110 -126 -117 -117 -107 -123 -105 -114 -105 -118 -120  -92
  -124  -80 -128  -93 -123 -125 -111 -118 -124 -128 -128 -121 -105 -124 -117 -115 -128 -101 -128 -128 -101 -119 -115
  -127 -128 -108 -123 -121 -118 -126 -114 -121 -107 -102 -114 -113  -92 -122 -103 -113 -128 -115 -125 -121 -107 -127
  -113 -127 -128 -118 -124 -128 -126 -119 -128 -101 -125 -117 -114  -94 -124  -95 -128 -100 -112 -105  -76 -102 -123
  -120 -125 -121  -98 -120 -116 -115 -102 -127 -118 -126 -117 -125 -113 -115 -126 -123 -128  -96 -126 -128  -92 -106
   -76 -128 -121 -111 -122 -125 -120 -120 -128 -127 -115 -117 -128 -119 -128 -109  -72 -109  -70 -113  -84 -128  -97
  -121 -114  -94 -128 -128 -121 -123 -127 -115 -128 -112 -117 -117 -115 -127 -119  -73 -126 -128 -113 -128 -122 -128
  -120  -99 -119 -122 -111 -116 -105 -125 -128 -128 -122  -95 -109 -111 -121 -124 -110 -128 -104 -124 -128  -98 -125
  -126 -120 -110 -126  -71  -93 -105 -123 -121 -128 -119 -127  -99 -120 -117 -125 -127 -118 -120 -126 -123 -125  -99
  -126 -118 -128  -96 -126 -102 -116 -116 -108 -110 -109 -122 -128 -125 -116  -93 -120 -125 -124 -124 -117 -128 -126
  -123  -99 -109 -128 -122 -128 -109 -126  -93 -126 -120 -123 -122 -121 -128 -123 -111 -128 -115 -100  -93 -119 -127
  -128 -118 -128 -125  -78  -96  -70 -121 -119 -102 -126 -112 -122 -109 -119 -120 -116 -128 -126 -125 -116 -115 -103
  -122 -116 -121 -116 -121 -115 -106 -128  -87  -71 -113 -101 -112 -128 -119 -118 -116 -117  -76  -97 -122 -108 -120
  -124 -128 -128 -115 -123 -117 -120 -120 -115 -108 -123  -97 -115 -126 -104 -107 -125  -84  -96 -126 -123 -105 -122
   -60 -116 -123 -128 -124 -125 -103 -118  -98 -117 -109 -117 -118 -121 -119 -113 -111 -111 -104 -112 -125 -128 -122
  -128 -127 -112 -116  -86 -128 -125 -111 -115 -119 -116 -107 -104 -110  -91 -123 -117 -125 -115 -116 -108 -127  -98
  -127 -128 -109 -120 -128 -128 -128  -74 -123 -108  -95  -98 -122  -99  -98 -128 -111 -128 -105 -118 -101 -127 -123
  -122 -126 -125 -128 -105 -119 -126 -116 -121 -121 -126 -118 -127 -127 -122  -95 -102 -119 -123 -111 -121 -100 -122
   -84 -125 -106 -115  -95 -127  -98 -119 -121 -112 -117  -98 -128 -126 -102 -101 -117 -128 -104 -117 -119 -122 -114
   -94 -124 -104 -103 -124 -109 -104 -127 -117 -113 -127 -110 -117  -73 -120  -93 -124 -124 -127 -128 -115 -128 -125
  -114 -101 -104  -89 -125 -101  -87 -123 -119 -128 -126 -124 -104 -107  -97 -111 -125 -114 -115 -128 -125 -114 -120
  -123  -95 -125  -93 -119 -102 -124 -128 -122 -105 -125 -128 -123  -86 -119 -109 -107  -93 -121  -87 -128 -113 -128
  -128 -117 -123 -106 -106  -93 -103 -119 -116 -127 -120 -126 -128 -117 -128 -128 -114 -101 -122 -115  -96 -128 -112
  -127 -126 -115 -121  -99 -125 -128 -113 -124 -119 -103 -128 -111 -119 -125 -113 -107 -127 -123 -117 -128 -111 -115
  -124 -128  -81 -116 -125  -95 -105 -102 -115 -125 -128 -126 -123  -97 -124 -119 -120  -92 -117 -111 -116  -96 -123
  -128 -111 -125 -128 -118 -123  -93 -128 -126 -128 -113 -116 -101  -17 -128  -99 -115 -118 -125 -107 -128 -125 -117
  -102 -122 -111 -124 -122 -124 -128 -128 -122 -128 -115 -120 -128 -128 -103 -104 -123 -127 -121  -91  -85 -119 -128
   -76 -118 -116 -127   -4]]

=== IFM1 ===
N/A

=== BIAS ===
N/A

=== OFM ===
name    : build_efficientnetv2_b0_full_bnless/block5e_se_reshape/Shape
index   : 335
shape   : [2]
dtype   : <class 'numpy.int32'>
quant   : {'scales': [], 'zero_points': [], 'axis': 0, 'scale_tuple': 0.0, 'zp_tuple': 0}
values(int):
[  1 672]
