MODEL : efficientnetv2_b0_bnless_int8.tflite
OP #144: MUL

=== INPUT0 ===
name    : build_efficientnetv2_b0_full_bnless/block5e_se_expand/Relu6;build_efficientnetv2_b0_full_bnless/block5e_se_expand/add;build_efficientnetv2_b0_full_bnless/block5e_se_expand/BiasAdd/ReadVariableOp;build_efficientnetv2_b0_full_bnless/block5e_se_expand/BiasAdd;build_efficientnetv2_b0_full_bnless/block6a_se_expand/Conv2D;build_efficientnetv2_b0_full_bnless/block5e_se_expand/Conv2D;build_efficientnetv2_b0_full_bnless/block1a_project_activation/add/y1
index   : 341
shape   : [1, 1, 1, 672]
dtype   : <class 'numpy.int8'>
quant   : {'scales': [0.0235294122248888], 'zero_points': [-128], 'axis': 0, 'scale_tuple': 0.0235294122248888, 'zp_tuple': -128}
values(int):
[[[[-112  -40  -69    7   -4  -43  -82  -72   22   12   -4   16   -5   -5  -64  -50   59   89   -7 -121  -21  -61
     -80  -33  -26 -128  -54  -21    7 -128 -118  -39  -21   -5 -108 -128   -2  -54  -63    4    4  -23  -26  -55
      15   67   24  -61 -118   29   23  -15  -33  -43   39  -57  -97    4    7 -128  -35   41   -8    0  -30   16
     -39  -42   82   -7  -99  -18   27    9   18    9    3  -54 -121  -10  -83   22    4   14 -128    6  -10    6
     -74  -10  -57  -73  -65  -69  -19  -56   24  -85  -49  -17  -30  -44   39  -28  -18  -57  -34 -128  -17  -71
     -14  -32 -128 -117  -32  -59   -7  -47 -128  -63  -94  -28   -7  -93   44    6   -6  -48   42  -27   47  -33
      11  -44  -15   -9  -83 -104   15 -101  -53    2  -11 -122  -89   28    2  -46  -84 -108  -46  -66  -78  -52
      -1  -90  -15   -5  -37   14    1  -34  -63  -65  -42  -41  -89    7  -88  -66  -93 -128  -85  -55    4  -28
     -14  -34   -4  -60  -24   18  -64   34   22  -28  -21  -83  -35  -37  -26  -48    2   22  -59   16  -70  -11
     -98  -12  -19  -63   18  -11  -12  -77 -110   13  -25  -80    4   18  -37  -11    7    9  -96    1   61   18
     -23  -33  -21   -7  -47  -40   26  -81   20  -15  -50  -23  -37   34  -59   59   18  -17  -52    1 -128    0
     -32 -128  -34  -47    7  -26  -54  -87 -104   15 -128  -67  -20  -93   22   -2  -36  -61 -109    0   21   21
     -23  -37  -35  -44   60 -110   -2   17   12    6 -109  -82   -8   30  -19 -128 -128  -79  -42 -128   71 -128
    -110  -92  -82  -19  -59  -55   24  -87  -58   51   -5 -128  -82  -38  -47  -32  -38   13 -113  -81  -58  -32
      31  -41  -11  -23   36  -58  -24  -51  -10  -60 -105  -49    8    9  -40 -128 -128  -16  -48  -63    5  -83
     -67  -40  -49  -17   23  -40  -25  -84  -26  -43   -2   45   17  -25 -108  -65 -113  -24 -128  -78 -128 -128
     -12  -38   25  -33   28  -21  -14   25   -3  -38   12   40   -2  -88   -7  -37  -57  -23  -40  -39   -5 -105
      18 -128   42 -128    2  -28  -17  -82  -48  -51  -26  -22   -3  -24  -20   -2  -15   -1   46  -18    0  -46
    -101  -19  -17 -100  -45  -28  -33   16    7   50  -66  -36  -15  -82  -85  -53  -30   14   30  -54  -23 -124
     -88  -46  -95  -33  -46  -95   22   21  -20    7   65 -112  -99 -107   -5 -128  -47  -53  -19  -29  -11  -22
     -12   -3  -52  -72 -128 -128   -8  -28   35   16  -87  -74  -94    3  -60  -80   -8  -42   -2  -20  -62  -52
      12  -43  -16  -66  -27   15 -124   30 -120   66  -37   -3   12   10  -96  -70   15 -128  -43   17  -20 -128
     -92   19   38   -1  -62   41  -83   -4   -6   11   13  -83 -128  -85  -52  -13  -48 -128  -77 -128  -61  -39
    -114   26  -47  -49  -72  -57  -96  -53  -94  -80  -50  -93    0  -28   30  -48  -83  -54  -43  -26  -77  -36
    -101   -6  -95  -20   38  -49  -19  -51  -93  -31  -25   23  -18 -111    0  -63  -11   -7   70  -57  -91  -60
     -17 -118  -57 -128   -8  -38 -128  -49  -32   -4  -63  -29  -35 -118  -27 -123 -128  -80 -104    7  -98 -127
     -17  -50  -22  -58  -65 -104  -85   45  -59  -37   -1  -53  -73    1  -52  -15  -45  -58  -15    0  -43  -32
    -128 -128  -35   23 -128  -62  -10  -12  -61 -102 -116    3  -66  -40  -23  -78  -54  -17 -106  -42  -23  -44
     -36    0  -59  -38  -75  -47    9  -15  -20    4 -126   40 -104  -50 -100  -10 -117  -72  -65  -64   20  -46
     -18   30    8  -23  -36  -81   39 -128   12  -61 -115  -73   10  -78  -19   -3  -46  -26  -63  -60   13  -22
     -80  -29  -86  -27  -51  -82 -104    2  -17 -128  -30  -10]]]]

=== INPUT1 ===
name    : build_efficientnetv2_b0_full_bnless/block2a_expand_activation/truediv;build_efficientnetv2_b0_full_bnless/block1a_project_activation/truediv/y
index   : 166
shape   : []
dtype   : <class 'numpy.int8'>
quant   : {'scales': [0.0006535947904922068], 'zero_points': [-128], 'axis': 0, 'scale_tuple': 0.0006535947904922068, 'zp_tuple': -128}
values(int):
127

=== OFM ===
name    : build_efficientnetv2_b0_full_bnless/block5e_se_expand/truediv;build_efficientnetv2_b0_full_bnless/block1a_project_activation/truediv/y
index   : 342
shape   : [1, 1, 1, 672]
dtype   : <class 'numpy.int8'>
quant   : {'scales': [0.003921568859368563], 'zero_points': [-128], 'axis': 0, 'scale_tuple': 0.003921568859368563, 'zp_tuple': -128}
values(int):
[[[[-112  -40  -69    7   -4  -43  -82  -72   22   12   -4   16   -5   -5  -64  -50   59   89   -7 -121  -21  -61
     -80  -33  -26 -128  -54  -21    7 -128 -118  -39  -21   -5 -108 -128   -2  -54  -63    4    4  -23  -26  -55
      15   67   24  -61 -118   29   23  -15  -33  -43   39  -57  -97    4    7 -128  -35   41   -8    0  -30   16
     -39  -42   82   -7  -99  -18   27    9   18    9    3  -54 -121  -10  -83   22    4   14 -128    6  -10    6
     -74  -10  -57  -73  -65  -69  -19  -56   24  -85  -49  -17  -30  -44   39  -28  -18  -57  -34 -128  -17  -71
     -14  -32 -128 -117  -32  -59   -7  -47 -128  -63  -94  -28   -7  -93   44    6   -6  -48   42  -27   47  -33
      11  -44  -15   -9  -83 -104   15 -101  -53    2  -11 -122  -89   28    2  -46  -84 -108  -46  -66  -78  -52
      -1  -90  -15   -5  -37   14    1  -34  -63  -65  -42  -41  -89    7  -88  -66  -93 -128  -85  -55    4  -28
     -14  -34   -4  -60  -24   18  -64   34   22  -28  -21  -83  -35  -37  -26  -48    2   22  -59   16  -70  -11
     -98  -12  -19  -63   18  -11  -12  -77 -110   13  -25  -80    4   18  -37  -11    7    9  -96    1   61   18
     -23  -33  -21   -7  -47  -40   26  -81   20  -15  -50  -23  -37   34  -59   59   18  -17  -52    1 -128    0
     -32 -128  -34  -47    7  -26  -54  -87 -104   15 -128  -67  -20  -93   22   -2  -36  -61 -109    0   21   21
     -23  -37  -35  -44   60 -110   -2   17   12    6 -109  -82   -8   30  -19 -128 -128  -79  -42 -128   71 -128
    -110  -92  -82  -19  -59  -55   24  -87  -58   51   -5 -128  -82  -38  -47  -32  -38   13 -113  -81  -58  -32
      31  -41  -11  -23   36  -58  -24  -51  -10  -60 -105  -49    8    9  -40 -128 -128  -16  -48  -63    5  -83
     -67  -40  -49  -17   23  -40  -25  -84  -26  -43   -2   45   17  -25 -108  -65 -113  -24 -128  -78 -128 -128
     -12  -38   25  -33   28  -21  -14   25   -3  -38   12   40   -2  -88   -7  -37  -57  -23  -40  -39   -5 -105
      18 -128   42 -128    2  -28  -17  -82  -48  -51  -26  -22   -3  -24  -20   -2  -15   -1   46  -18    0  -46
    -101  -19  -17 -100  -45  -28  -33   16    7   50  -66  -36  -15  -82  -85  -53  -30   14   30  -54  -23 -124
     -88  -46  -95  -33  -46  -95   22   21  -20    7   65 -112  -99 -107   -5 -128  -47  -53  -19  -29  -11  -22
     -12   -3  -52  -72 -128 -128   -8  -28   35   16  -87  -74  -94    3  -60  -80   -8  -42   -2  -20  -62  -52
      12  -43  -16  -66  -27   15 -124   30 -120   66  -37   -3   12   10  -96  -70   15 -128  -43   17  -20 -128
     -92   19   38   -1  -62   41  -83   -4   -6   11   13  -83 -128  -85  -52  -13  -48 -128  -77 -128  -61  -39
    -114   26  -47  -49  -72  -57  -96  -53  -94  -80  -50  -93    0  -28   30  -48  -83  -54  -43  -26  -77  -36
    -101   -6  -95  -20   38  -49  -19  -51  -93  -31  -25   23  -18 -111    0  -63  -11   -7   70  -57  -91  -60
     -17 -118  -57 -128   -8  -38 -128  -49  -32   -4  -63  -29  -35 -118  -27 -123 -128  -80 -104    7  -98 -127
     -17  -50  -22  -58  -65 -104  -85   45  -59  -37   -1  -53  -73    1  -52  -15  -45  -58  -15    0  -43  -32
    -128 -128  -35   23 -128  -62  -10  -12  -61 -102 -116    3  -66  -40  -23  -78  -54  -17 -106  -42  -23  -44
     -36    0  -59  -38  -75  -47    9  -15  -20    4 -126   40 -104  -50 -100  -10 -117  -72  -65  -64   20  -46
     -18   30    8  -23  -36  -81   39 -128   12  -61 -115  -73   10  -78  -19   -3  -46  -26  -63  -60   13  -22
     -80  -29  -86  -27  -51  -82 -104    2  -17 -128  -30  -10]]]]

--- VERIFY MUL (elementwise) ---
real_mult=(s_x*s_y)/s_z=0.00392156858773 -> M=1077952565, n=7
idx | x | y | (x-zpx) | (y-zpy) | prod | SRDHM(prod,M) | Rshift | y_calc | y_ref | match
(0, 0, 0, 0) | -112 | 127 | 16 | 255 | 4080 | 2048 | >>7 | -112 | -112 | OK
(0, 0, 0, 1) | -40 | 127 | 88 | 255 | 22440 | 11264 | >>7 | -40 | -40 | OK
(0, 0, 0, 2) | -69 | 127 | 59 | 255 | 15045 | 7552 | >>7 | -69 | -69 | OK
(0, 0, 0, 3) | 7 | 127 | 135 | 255 | 34425 | 17280 | >>7 | 7 | 7 | OK
(0, 0, 0, 4) | -4 | 127 | 124 | 255 | 31620 | 15872 | >>7 | -4 | -4 | OK
(0, 0, 0, 5) | -43 | 127 | 85 | 255 | 21675 | 10880 | >>7 | -43 | -43 | OK
(0, 0, 0, 6) | -82 | 127 | 46 | 255 | 11730 | 5888 | >>7 | -82 | -82 | OK
(0, 0, 0, 7) | -72 | 127 | 56 | 255 | 14280 | 7168 | >>7 | -72 | -72 | OK
(0, 0, 0, 0) | -112 | 127 | 16 | 255 | 4080 | 2048 | >>7 | -112 | -112 | OK
(0, 0, 0, 1) | -40 | 127 | 88 | 255 | 22440 | 11264 | >>7 | -40 | -40 | OK
(0, 0, 0, 2) | -69 | 127 | 59 | 255 | 15045 | 7552 | >>7 | -69 | -69 | OK
(0, 0, 0, 3) | 7 | 127 | 135 | 255 | 34425 | 17280 | >>7 | 7 | 7 | OK
(0, 0, 0, 4) | -4 | 127 | 124 | 255 | 31620 | 15872 | >>7 | -4 | -4 | OK
(0, 0, 0, 5) | -43 | 127 | 85 | 255 | 21675 | 10880 | >>7 | -43 | -43 | OK
(0, 0, 0, 6) | -82 | 127 | 46 | 255 | 11730 | 5888 | >>7 | -82 | -82 | OK
(0, 0, 0, 7) | -72 | 127 | 56 | 255 | 14280 | 7168 | >>7 | -72 | -72 | OK
(0, 0, 0, 8) | 22 | 127 | 150 | 255 | 38250 | 19200 | >>7 | 22 | 22 | OK
(0, 0, 0, 9) | 12 | 127 | 140 | 255 | 35700 | 17920 | >>7 | 12 | 12 | OK
(0, 0, 0, 10) | -4 | 127 | 124 | 255 | 31620 | 15872 | >>7 | -4 | -4 | OK
(0, 0, 0, 11) | 16 | 127 | 144 | 255 | 36720 | 18432 | >>7 | 16 | 16 | OK
(0, 0, 0, 12) | -5 | 127 | 123 | 255 | 31365 | 15744 | >>7 | -5 | -5 | OK
(0, 0, 0, 13) | -5 | 127 | 123 | 255 | 31365 | 15744 | >>7 | -5 | -5 | OK
(0, 0, 0, 14) | -64 | 127 | 64 | 255 | 16320 | 8192 | >>7 | -64 | -64 | OK
(0, 0, 0, 15) | -50 | 127 | 78 | 255 | 19890 | 9984 | >>7 | -50 | -50 | OK
(0, 0, 0, 16) | 59 | 127 | 187 | 255 | 47685 | 23936 | >>7 | 59 | 59 | OK
(0, 0, 0, 17) | 89 | 127 | 217 | 255 | 55335 | 27776 | >>7 | 89 | 89 | OK
(0, 0, 0, 18) | -7 | 127 | 121 | 255 | 30855 | 15488 | >>7 | -7 | -7 | OK
(0, 0, 0, 19) | -121 | 127 | 7 | 255 | 1785 | 896 | >>7 | -121 | -121 | OK
(0, 0, 0, 20) | -21 | 127 | 107 | 255 | 27285 | 13696 | >>7 | -21 | -21 | OK
(0, 0, 0, 21) | -61 | 127 | 67 | 255 | 17085 | 8576 | >>7 | -61 | -61 | OK
(0, 0, 0, 22) | -80 | 127 | 48 | 255 | 12240 | 6144 | >>7 | -80 | -80 | OK
(0, 0, 0, 23) | -33 | 127 | 95 | 255 | 24225 | 12160 | >>7 | -33 | -33 | OK
(0, 0, 0, 24) | -26 | 127 | 102 | 255 | 26010 | 13056 | >>7 | -26 | -26 | OK
(0, 0, 0, 25) | -128 | 127 | 0 | 255 | 0 | 0 | >>7 | -128 | -128 | OK
(0, 0, 0, 26) | -54 | 127 | 74 | 255 | 18870 | 9472 | >>7 | -54 | -54 | OK
(0, 0, 0, 27) | -21 | 127 | 107 | 255 | 27285 | 13696 | >>7 | -21 | -21 | OK
(0, 0, 0, 28) | 7 | 127 | 135 | 255 | 34425 | 17280 | >>7 | 7 | 7 | OK
(0, 0, 0, 29) | -128 | 127 | 0 | 255 | 0 | 0 | >>7 | -128 | -128 | OK
(0, 0, 0, 30) | -118 | 127 | 10 | 255 | 2550 | 1280 | >>7 | -118 | -118 | OK
(0, 0, 0, 31) | -39 | 127 | 89 | 255 | 22695 | 11392 | >>7 | -39 | -39 | OK
(0, 0, 0, 32) | -21 | 127 | 107 | 255 | 27285 | 13696 | >>7 | -21 | -21 | OK
(0, 0, 0, 33) | -5 | 127 | 123 | 255 | 31365 | 15744 | >>7 | -5 | -5 | OK
(0, 0, 0, 34) | -108 | 127 | 20 | 255 | 5100 | 2560 | >>7 | -108 | -108 | OK
(0, 0, 0, 35) | -128 | 127 | 0 | 255 | 0 | 0 | >>7 | -128 | -128 | OK
(0, 0, 0, 36) | -2 | 127 | 126 | 255 | 32130 | 16128 | >>7 | -2 | -2 | OK
(0, 0, 0, 37) | -54 | 127 | 74 | 255 | 18870 | 9472 | >>7 | -54 | -54 | OK
(0, 0, 0, 38) | -63 | 127 | 65 | 255 | 16575 | 8320 | >>7 | -63 | -63 | OK
(0, 0, 0, 39) | 4 | 127 | 132 | 255 | 33660 | 16896 | >>7 | 4 | 4 | OK
(0, 0, 0, 40) | 4 | 127 | 132 | 255 | 33660 | 16896 | >>7 | 4 | 4 | OK
(0, 0, 0, 41) | -23 | 127 | 105 | 255 | 26775 | 13440 | >>7 | -23 | -23 | OK
(0, 0, 0, 42) | -26 | 127 | 102 | 255 | 26010 | 13056 | >>7 | -26 | -26 | OK
(0, 0, 0, 43) | -55 | 127 | 73 | 255 | 18615 | 9344 | >>7 | -55 | -55 | OK
(0, 0, 0, 44) | 15 | 127 | 143 | 255 | 36465 | 18304 | >>7 | 15 | 15 | OK
(0, 0, 0, 45) | 67 | 127 | 195 | 255 | 49725 | 24960 | >>7 | 67 | 67 | OK
(0, 0, 0, 46) | 24 | 127 | 152 | 255 | 38760 | 19456 | >>7 | 24 | 24 | OK
(0, 0, 0, 47) | -61 | 127 | 67 | 255 | 17085 | 8576 | >>7 | -61 | -61 | OK
(0, 0, 0, 48) | -118 | 127 | 10 | 255 | 2550 | 1280 | >>7 | -118 | -118 | OK
(0, 0, 0, 49) | 29 | 127 | 157 | 255 | 40035 | 20096 | >>7 | 29 | 29 | OK
(0, 0, 0, 50) | 23 | 127 | 151 | 255 | 38505 | 19328 | >>7 | 23 | 23 | OK
(0, 0, 0, 51) | -15 | 127 | 113 | 255 | 28815 | 14464 | >>7 | -15 | -15 | OK
(0, 0, 0, 52) | -33 | 127 | 95 | 255 | 24225 | 12160 | >>7 | -33 | -33 | OK
(0, 0, 0, 53) | -43 | 127 | 85 | 255 | 21675 | 10880 | >>7 | -43 | -43 | OK
(0, 0, 0, 54) | 39 | 127 | 167 | 255 | 42585 | 21376 | >>7 | 39 | 39 | OK
(0, 0, 0, 55) | -57 | 127 | 71 | 255 | 18105 | 9088 | >>7 | -57 | -57 | OK
