MODEL : efficientnetv2_b0_bnless_int8.tflite
OP #160: MUL

=== INPUT0 ===
name    : build_efficientnetv2_b0_full_bnless/block6a_se_expand/Relu6;build_efficientnetv2_b0_full_bnless/block6a_se_expand/add;build_efficientnetv2_b0_full_bnless/block6a_se_expand/BiasAdd/ReadVariableOp;build_efficientnetv2_b0_full_bnless/block6a_se_expand/BiasAdd;build_efficientnetv2_b0_full_bnless/block6a_se_expand/Conv2D;build_efficientnetv2_b0_full_bnless/block1a_project_activation/add/y1
index   : 357
shape   : [1, 1, 1, 672]
dtype   : <class 'numpy.int8'>
quant   : {'scales': [0.0235294122248888], 'zero_points': [-128], 'axis': 0, 'scale_tuple': 0.0235294122248888, 'zp_tuple': -128}
values(int):
[[[[127 127 127 127 127 123 127 127 127 125 127 127 127 127 127 125 127 127 127 127 127 127 127 127 127 127 127 127
    127 127 127 127 127 127 127 107 127 127 127 127 127 127 127 -57 127 127 127 127 127 127 127  86 127 127 127 127
    127 127 127 120 127 127 127 127 127 127 127 127 127 127 127 127 127 127 127 127 127 127 127 127 127 108 127 127
    108 127 127 127 127 127 127 127 127 127 127 127 127 119 127 127  98 127 127 127 109 127 127 127 127 127 127 127
    127 127 127 127 127 127 127 127 127 127 127  53 127 127 127  84 127 127 127 112 127 127 121 127 127 127 127 127
    127 127 127 127 127 127 123 127 127 127 127 127 127 127 125 127 127 127 127 127 127 127 127 127 127 127 127 127
    127 127 127 127 127 127 127 127 127 127 127 127 127  84 127 127 127 127 127 127 113 127 127 127 127 127 127 127
    121 127 127 113 127 123 127 127 127 127 127 127 127 125 127 127 127 127 127 126 127 127 127 110 127 127 127 127
    127 127 127 127 127 127 127 127 127 127 127 127 127 127 127 127 127 127 127 127  74 127 127 127 102 127 127 127
    127 127 127 127 127 127 127 127 127 127 127 115 127 127 127 127 127 127 122 127 127 127 127 127 127 127 127 127
    127 127 127 127 127 127 127 127 127 127 127 127 127 117 127 127 127 127 127 127 127 127 127 123 127  88 127 127
    127 117 127 127 127 127 127 127 127 127 127 125 127 127 127 127 127 102 127 127 127 127 127 127 127 127 127 127
    112 127 127 127 127 127 127 127 127 127 127 127 127 127 127 104 127 127 127 127 127 127 127 127 127 127 127 127
    127 127 127 127 127  93 127 115 127 127 127 127 127 127 127 119 127 127 127 127 127 122 127 127 111 127 127 127
    127  52 127 127 127 127 127 127 127 127 127 127 127 127 127 127 127 111 127 127 127 127 127 127 120 127 127 127
    127 127 127 127 127 127 113 127 105 127 127 127 127 127 127 127 127 118 127 127 127 127 122 127 127 127 127 127
    127 127  95 127 127 127 127 127 127 127 127 127 127 127 127 127 127 127 127 127 127 127 127 127 127 127 127 127
    127 127 127 127 127 127 127 127 127 127 127 127 127 127 127 127 127 127 112 127 127 127 127 127 127 127 127 127
     86 127 127 127 127 127 127 127 127 127 127 127 127 127 127 127 127 127 127 127 127 127 127 127 127  68 127 127
    127 127 127 127 127 127 127 127 127 127 127 127 127 127 127 127 127 127 127 127 127 127 127 127 127 127 127 127
    127 -42 127 127 127 127 127 127 127 127 127 127 127 127 127 127 127 127 127 127 127 127 124 127 127 127 127 127
    127 127 127 127 127 127 127 116 127 127 127 127 127 127 127 127 127 127 127 127 127 126 127 127 127 127 110 127
    127 127 127 116 127 127 127 127 127 127 127 127 127 127 127 127 127 127 127 127 127 127 127 127 127 127 127 127
    127 127 127 127 127 127 127 127 127 127 127 127 127 127 127 127 127 127 127 127 127 127 127 127 127 127 127 127]]]]

=== INPUT1 ===
name    : build_efficientnetv2_b0_full_bnless/block2a_expand_activation/truediv;build_efficientnetv2_b0_full_bnless/block1a_project_activation/truediv/y
index   : 166
shape   : []
dtype   : <class 'numpy.int8'>
quant   : {'scales': [0.0006535947904922068], 'zero_points': [-128], 'axis': 0, 'scale_tuple': 0.0006535947904922068, 'zp_tuple': -128}
values(int):
127

=== OFM ===
name    : build_efficientnetv2_b0_full_bnless/block6a_se_expand/truediv;build_efficientnetv2_b0_full_bnless/block1a_project_activation/truediv/y
index   : 358
shape   : [1, 1, 1, 672]
dtype   : <class 'numpy.int8'>
quant   : {'scales': [0.003921568859368563], 'zero_points': [-128], 'axis': 0, 'scale_tuple': 0.003921568859368563, 'zp_tuple': -128}
values(int):
[[[[127 127 127 127 127 123 127 127 127 125 127 127 127 127 127 125 127 127 127 127 127 127 127 127 127 127 127 127
    127 127 127 127 127 127 127 107 127 127 127 127 127 127 127 -57 127 127 127 127 127 127 127  86 127 127 127 127
    127 127 127 120 127 127 127 127 127 127 127 127 127 127 127 127 127 127 127 127 127 127 127 127 127 108 127 127
    108 127 127 127 127 127 127 127 127 127 127 127 127 119 127 127  98 127 127 127 109 127 127 127 127 127 127 127
    127 127 127 127 127 127 127 127 127 127 127  53 127 127 127  84 127 127 127 112 127 127 121 127 127 127 127 127
    127 127 127 127 127 127 123 127 127 127 127 127 127 127 125 127 127 127 127 127 127 127 127 127 127 127 127 127
    127 127 127 127 127 127 127 127 127 127 127 127 127  84 127 127 127 127 127 127 113 127 127 127 127 127 127 127
    121 127 127 113 127 123 127 127 127 127 127 127 127 125 127 127 127 127 127 126 127 127 127 110 127 127 127 127
    127 127 127 127 127 127 127 127 127 127 127 127 127 127 127 127 127 127 127 127  74 127 127 127 102 127 127 127
    127 127 127 127 127 127 127 127 127 127 127 115 127 127 127 127 127 127 122 127 127 127 127 127 127 127 127 127
    127 127 127 127 127 127 127 127 127 127 127 127 127 117 127 127 127 127 127 127 127 127 127 123 127  88 127 127
    127 117 127 127 127 127 127 127 127 127 127 125 127 127 127 127 127 102 127 127 127 127 127 127 127 127 127 127
    112 127 127 127 127 127 127 127 127 127 127 127 127 127 127 104 127 127 127 127 127 127 127 127 127 127 127 127
    127 127 127 127 127  93 127 115 127 127 127 127 127 127 127 119 127 127 127 127 127 122 127 127 111 127 127 127
    127  52 127 127 127 127 127 127 127 127 127 127 127 127 127 127 127 111 127 127 127 127 127 127 120 127 127 127
    127 127 127 127 127 127 113 127 105 127 127 127 127 127 127 127 127 118 127 127 127 127 122 127 127 127 127 127
    127 127  95 127 127 127 127 127 127 127 127 127 127 127 127 127 127 127 127 127 127 127 127 127 127 127 127 127
    127 127 127 127 127 127 127 127 127 127 127 127 127 127 127 127 127 127 112 127 127 127 127 127 127 127 127 127
     86 127 127 127 127 127 127 127 127 127 127 127 127 127 127 127 127 127 127 127 127 127 127 127 127  68 127 127
    127 127 127 127 127 127 127 127 127 127 127 127 127 127 127 127 127 127 127 127 127 127 127 127 127 127 127 127
    127 -42 127 127 127 127 127 127 127 127 127 127 127 127 127 127 127 127 127 127 127 127 124 127 127 127 127 127
    127 127 127 127 127 127 127 116 127 127 127 127 127 127 127 127 127 127 127 127 127 126 127 127 127 127 110 127
    127 127 127 116 127 127 127 127 127 127 127 127 127 127 127 127 127 127 127 127 127 127 127 127 127 127 127 127
    127 127 127 127 127 127 127 127 127 127 127 127 127 127 127 127 127 127 127 127 127 127 127 127 127 127 127 127]]]]

--- VERIFY MUL (elementwise) ---
real_mult=(s_x*s_y)/s_z=0.00392156858773 -> M=1077952565, n=7
idx | x | y | (x-zpx) | (y-zpy) | prod | SRDHM(prod,M) | Rshift | y_calc | y_ref | match
(0, 0, 0, 0) | 127 | 127 | 255 | 255 | 65025 | 32640 | >>7 | 127 | 127 | OK
(0, 0, 0, 1) | 127 | 127 | 255 | 255 | 65025 | 32640 | >>7 | 127 | 127 | OK
(0, 0, 0, 2) | 127 | 127 | 255 | 255 | 65025 | 32640 | >>7 | 127 | 127 | OK
(0, 0, 0, 3) | 127 | 127 | 255 | 255 | 65025 | 32640 | >>7 | 127 | 127 | OK
(0, 0, 0, 4) | 127 | 127 | 255 | 255 | 65025 | 32640 | >>7 | 127 | 127 | OK
(0, 0, 0, 5) | 123 | 127 | 251 | 255 | 64005 | 32128 | >>7 | 123 | 123 | OK
(0, 0, 0, 6) | 127 | 127 | 255 | 255 | 65025 | 32640 | >>7 | 127 | 127 | OK
(0, 0, 0, 7) | 127 | 127 | 255 | 255 | 65025 | 32640 | >>7 | 127 | 127 | OK
(0, 0, 0, 0) | 127 | 127 | 255 | 255 | 65025 | 32640 | >>7 | 127 | 127 | OK
(0, 0, 0, 1) | 127 | 127 | 255 | 255 | 65025 | 32640 | >>7 | 127 | 127 | OK
(0, 0, 0, 2) | 127 | 127 | 255 | 255 | 65025 | 32640 | >>7 | 127 | 127 | OK
(0, 0, 0, 3) | 127 | 127 | 255 | 255 | 65025 | 32640 | >>7 | 127 | 127 | OK
(0, 0, 0, 4) | 127 | 127 | 255 | 255 | 65025 | 32640 | >>7 | 127 | 127 | OK
(0, 0, 0, 5) | 123 | 127 | 251 | 255 | 64005 | 32128 | >>7 | 123 | 123 | OK
(0, 0, 0, 6) | 127 | 127 | 255 | 255 | 65025 | 32640 | >>7 | 127 | 127 | OK
(0, 0, 0, 7) | 127 | 127 | 255 | 255 | 65025 | 32640 | >>7 | 127 | 127 | OK
(0, 0, 0, 8) | 127 | 127 | 255 | 255 | 65025 | 32640 | >>7 | 127 | 127 | OK
(0, 0, 0, 9) | 125 | 127 | 253 | 255 | 64515 | 32384 | >>7 | 125 | 125 | OK
(0, 0, 0, 10) | 127 | 127 | 255 | 255 | 65025 | 32640 | >>7 | 127 | 127 | OK
(0, 0, 0, 11) | 127 | 127 | 255 | 255 | 65025 | 32640 | >>7 | 127 | 127 | OK
(0, 0, 0, 12) | 127 | 127 | 255 | 255 | 65025 | 32640 | >>7 | 127 | 127 | OK
(0, 0, 0, 13) | 127 | 127 | 255 | 255 | 65025 | 32640 | >>7 | 127 | 127 | OK
(0, 0, 0, 14) | 127 | 127 | 255 | 255 | 65025 | 32640 | >>7 | 127 | 127 | OK
(0, 0, 0, 15) | 125 | 127 | 253 | 255 | 64515 | 32384 | >>7 | 125 | 125 | OK
(0, 0, 0, 16) | 127 | 127 | 255 | 255 | 65025 | 32640 | >>7 | 127 | 127 | OK
(0, 0, 0, 17) | 127 | 127 | 255 | 255 | 65025 | 32640 | >>7 | 127 | 127 | OK
(0, 0, 0, 18) | 127 | 127 | 255 | 255 | 65025 | 32640 | >>7 | 127 | 127 | OK
(0, 0, 0, 19) | 127 | 127 | 255 | 255 | 65025 | 32640 | >>7 | 127 | 127 | OK
(0, 0, 0, 20) | 127 | 127 | 255 | 255 | 65025 | 32640 | >>7 | 127 | 127 | OK
(0, 0, 0, 21) | 127 | 127 | 255 | 255 | 65025 | 32640 | >>7 | 127 | 127 | OK
(0, 0, 0, 22) | 127 | 127 | 255 | 255 | 65025 | 32640 | >>7 | 127 | 127 | OK
(0, 0, 0, 23) | 127 | 127 | 255 | 255 | 65025 | 32640 | >>7 | 127 | 127 | OK
(0, 0, 0, 24) | 127 | 127 | 255 | 255 | 65025 | 32640 | >>7 | 127 | 127 | OK
(0, 0, 0, 25) | 127 | 127 | 255 | 255 | 65025 | 32640 | >>7 | 127 | 127 | OK
(0, 0, 0, 26) | 127 | 127 | 255 | 255 | 65025 | 32640 | >>7 | 127 | 127 | OK
(0, 0, 0, 27) | 127 | 127 | 255 | 255 | 65025 | 32640 | >>7 | 127 | 127 | OK
(0, 0, 0, 28) | 127 | 127 | 255 | 255 | 65025 | 32640 | >>7 | 127 | 127 | OK
(0, 0, 0, 29) | 127 | 127 | 255 | 255 | 65025 | 32640 | >>7 | 127 | 127 | OK
(0, 0, 0, 30) | 127 | 127 | 255 | 255 | 65025 | 32640 | >>7 | 127 | 127 | OK
(0, 0, 0, 31) | 127 | 127 | 255 | 255 | 65025 | 32640 | >>7 | 127 | 127 | OK
(0, 0, 0, 32) | 127 | 127 | 255 | 255 | 65025 | 32640 | >>7 | 127 | 127 | OK
(0, 0, 0, 33) | 127 | 127 | 255 | 255 | 65025 | 32640 | >>7 | 127 | 127 | OK
(0, 0, 0, 34) | 127 | 127 | 255 | 255 | 65025 | 32640 | >>7 | 127 | 127 | OK
(0, 0, 0, 35) | 107 | 127 | 235 | 255 | 59925 | 30080 | >>7 | 107 | 107 | OK
(0, 0, 0, 36) | 127 | 127 | 255 | 255 | 65025 | 32640 | >>7 | 127 | 127 | OK
(0, 0, 0, 37) | 127 | 127 | 255 | 255 | 65025 | 32640 | >>7 | 127 | 127 | OK
(0, 0, 0, 38) | 127 | 127 | 255 | 255 | 65025 | 32640 | >>7 | 127 | 127 | OK
(0, 0, 0, 39) | 127 | 127 | 255 | 255 | 65025 | 32640 | >>7 | 127 | 127 | OK
(0, 0, 0, 40) | 127 | 127 | 255 | 255 | 65025 | 32640 | >>7 | 127 | 127 | OK
(0, 0, 0, 41) | 127 | 127 | 255 | 255 | 65025 | 32640 | >>7 | 127 | 127 | OK
(0, 0, 0, 42) | 127 | 127 | 255 | 255 | 65025 | 32640 | >>7 | 127 | 127 | OK
(0, 0, 0, 43) | -57 | 127 | 71 | 255 | 18105 | 9088 | >>7 | -57 | -57 | OK
(0, 0, 0, 44) | 127 | 127 | 255 | 255 | 65025 | 32640 | >>7 | 127 | 127 | OK
(0, 0, 0, 45) | 127 | 127 | 255 | 255 | 65025 | 32640 | >>7 | 127 | 127 | OK
(0, 0, 0, 46) | 127 | 127 | 255 | 255 | 65025 | 32640 | >>7 | 127 | 127 | OK
(0, 0, 0, 47) | 127 | 127 | 255 | 255 | 65025 | 32640 | >>7 | 127 | 127 | OK
(0, 0, 0, 48) | 127 | 127 | 255 | 255 | 65025 | 32640 | >>7 | 127 | 127 | OK
(0, 0, 0, 49) | 127 | 127 | 255 | 255 | 65025 | 32640 | >>7 | 127 | 127 | OK
(0, 0, 0, 50) | 127 | 127 | 255 | 255 | 65025 | 32640 | >>7 | 127 | 127 | OK
(0, 0, 0, 51) | 86 | 127 | 214 | 255 | 54570 | 27392 | >>7 | 86 | 86 | OK
(0, 0, 0, 52) | 127 | 127 | 255 | 255 | 65025 | 32640 | >>7 | 127 | 127 | OK
(0, 0, 0, 53) | 127 | 127 | 255 | 255 | 65025 | 32640 | >>7 | 127 | 127 | OK
(0, 0, 0, 54) | 127 | 127 | 255 | 255 | 65025 | 32640 | >>7 | 127 | 127 | OK
(0, 0, 0, 55) | 127 | 127 | 255 | 255 | 65025 | 32640 | >>7 | 127 | 127 | OK
