MODEL : efficientnetv2_b0_bnless_int8.tflite
OP #175: MUL

=== INPUT0 ===
name    : build_efficientnetv2_b0_full_bnless/block6b_se_expand/Relu6;build_efficientnetv2_b0_full_bnless/block6b_se_expand/add;build_efficientnetv2_b0_full_bnless/block6b_se_expand/BiasAdd/ReadVariableOp;build_efficientnetv2_b0_full_bnless/block6b_se_expand/BiasAdd;build_efficientnetv2_b0_full_bnless/block6h_se_expand/Conv2D;build_efficientnetv2_b0_full_bnless/block6b_se_expand/Conv2D;build_efficientnetv2_b0_full_bnless/block1a_project_activation/add/y1
index   : 372
shape   : [1, 1, 1, 1152]
dtype   : <class 'numpy.int8'>
quant   : {'scales': [0.0235294122248888], 'zero_points': [-128], 'axis': 0, 'scale_tuple': 0.0235294122248888, 'zp_tuple': -128}
values(int):
[[[[ -41  -87  -23  -72   30  -72  -25 -128  -55  -70  -76  -36  -83  -38   39   29   20  -45  -31  -56  -56   52
     -40  -49 -119  -33  -33  -43  -17  -94  -33   18  -94  -79   18  -13   -1  -39   -9  -52  -50   23  -22  -28
      -4  -91    7  -49  -97  -62  -87 -128  -35 -117   22  -82  -49   20 -128  -41 -115  -48   24  -71 -128  -10
     -38  -82 -103  -68  -85    5  -70  -44  -79   22  -75  -21   27  -40  -40  -35   14  -92   18  -20   41  -21
    -128  -43  -30   15  -33 -128  -56    1  -40   14  -60    4 -102   28  -27  -98  -64   13  -21  -43  -34   63
     -99   85   24  -74  -47   35  -42  -34   19  -45  -98   -8 -128   10  -43 -111   35  -85 -128   30  -81    3
     -54  -87   10  -66 -128  -33    3   68 -128   -3  -97   62   44  -70  -46 -107  -73   -6  -60 -121   15  -40
      -2   18  -40  -94  -67    9  -40 -128   -8  -68  -25  -38 -128 -116  -86   17   22 -120  -10 -128  -68  -72
       1  -99  -72  -46    0 -123  -64    7 -125  -88  -84  -20 -126  -33  -93  -41  -96  -97 -124  -10    1  -48
    -128  -16  -66  -47  -47  -52  -50  -32  -34  -36  -89  -39 -128 -128   -2  -66   -4   31  -74   -5  -51  -34
     -67  -12   24  -61  -12  -44  -29   32  -35   16  -74   17  -62   38 -120  -23  -57 -128  -65   -2   27 -128
      12 -107   32   13    8 -113   75  -29  -90    6   -9  -19  -64    8  -56  -14   19  -75   48  -29  -62  -82
     -39  -99 -128  -29  -23 -102  -22  -26   10  -11 -128 -128  -34  -40 -106  -30  -55 -128  -92  -33 -128 -110
      -9 -127  -69 -128  -46  -26    8  -32  -15 -121  -19  -57 -103 -101 -123  -25  -63  -54  -19   15  -52  -19
     -48  -85 -128 -128  -50  -38   18   -3  -32    9  -69  -33  -60  -99 -128   -1   12  -40  -77 -101  -21   27
       8  -71  -50  -59 -110  -63  -16 -126   18 -100   33  -33 -128  -72   72  -13   -6  -94  -50    4 -128   -9
     -63 -128   38  -68    7  -54  -22  -87 -128 -128  -41  -78  -87  -32  -80 -127  -37   39   -4 -127  -88  -73
     -96  -79   -8  -30 -128 -128 -100   -9   -1  -80   70   48  -23   -7  -22  -27  -65  -54   18    3 -128 -128
     -76 -115   -7  -15  -44   39 -115  -19  -54   26  -12 -128    3  -15   18 -128   26   10  -43  -50  -62  -34
     -49  -62  -55 -110  -17  -68 -112  -69  -83  -25 -108    0  -36  -34  -73  -11 -128    2   44   44    2  -74
     -59 -128   -5   -5  -79  -45 -106  -27 -109 -128  -49   13 -128  -35  -36  -83  -19  -44  -58 -104  -38 -128
     -17  -55   17  -69 -108 -127  -68  -34 -113  -81  -11  -68  -16  -39  -54  -21  -59 -128  -82  -74  -26 -128
     -82   -6  -13  -89   13 -126 -106 -128  -84   22  -10  -44  -74   96  -15  -38  -97  -82  -72  -76 -119  -63
     -75 -128  -95   -1  -77  -68  -52    3 -128  -25 -114  -20   -3  -40  -23   17  -27  -23  -50  -61  -44  -69
     -20  -68  -14  -83   -5  -80 -101   34   37  -96  -83  -28  -81   21   -8 -128  -29  -61  -17   -8  -18  -92
    -128  -96  -10  -44   59  -17  -41  -47  -99  -49  -42   34   39   -2  -48  -15  -77  -94  -63  -30 -107   -1
     -23  -72  -16  -86   48  -19  -14  -10  -29  -42    5  -19   22    3  -46  -37  -99  -51 -113  -62   10  -11
     -63 -128  -24  -21  -95    2   25  -46   16   -8  -56   -2 -128  -53   24  -37  -36  -65 -112    5  -19 -125
    -123 -128  -60  -62  -80   12  -51 -107 -103  -48 -110  -35 -110  -80  -26 -128   21  -78 -128  -17   29  -60
     -85  -75 -128  -23   14  -96   -4   41  -91 -114  -21  -75   33   23  -57   22   35   -7  -34  -42 -128  -54
      31 -109 -125  -76 -128  -79  -20  -40    0   -8   33 -111 -108  -41  -28 -128   15  -42 -128  -70  -29 -128
     -59  -53   56 -128 -109  -14 -128  -22  -42   17  -74  -29  -47 -128  -45  -45  -81    8 -128  -54 -106   67
     -32   -7  -61 -128    2 -128  -43  -48  -61  -43   41  -48 -101  -89  -36  -11   -4 -128  -17  -57 -128  -33
     -26 -128 -128 -127 -128  -93  -82   24  -91 -128 -106  -48  -20  -52  -58 -128  -36   29 -101 -120   63  -37
     -55  -22 -111  -88  -55  -57  -66  -69  -67    5   47   16  -55 -128   53 -128  -21  -23    2  -39  -25   -3
       9  -58 -128   16 -128  -37  -98  -89  -80 -116   33 -128 -100  -47  -87 -128  -94  -80   -3  -18  -64   -2
      42  -34   17 -128   20    0  -63  -29  -49   -5  -97 -105  -72  -58 -101  -80  -56    5   15  -67   39  -95
    -128  -38 -128  -64 -128  -48 -128  -46 -128   38  -40  -88  -41   -3  -69  -95  -66  -98  -10   -4 -108  -71
    -128  -40 -128  -75 -128    4  -45 -128  -83    7  -35  -70 -128  -91   47  -29   -7  -55    1   52 -128  -57
      18   -6  -73 -128    2 -102 -117  -63  -73 -128    0  -29   20  -14  -63  -40  -24  -62 -128   12   12  -48
     -39    1  -98  -94 -110 -128  -75   54 -114  -98  -34  -40  -23  -10   12    9  -10  -37   -3  -65 -126  -56
     -44  -10  -36  -97  -84  -44    1  -64    1 -128    3  -76  -57  -24  -69  -40    2   28  -25 -105  -24   24
      -9 -128 -128  -34  -74   -7  -63  -45  -20  -19  -17  -62  -83  -52  -47  -49    3 -128 -123 -128   25  -20
     -79  -52  -61 -128 -128  -66 -128   -6    0   39  -15  -92   24 -101  -47  -26   62   20   -4  -34  -24  -97
       8  -72    5  -96 -120  -78  -76 -106 -128   38   29   -3  -42  -60  -70  -61  -63  -31 -107  -40  -34    0
    -128    7 -128  -46  -23   15  -24  -45   28  -94  -51  -30  -18 -124  -11  -37  -80   19 -111   29  -87  -52
       3  -62    1 -128  -97  -66   13  -99  -66 -110 -105 -122  -86  -64  -21  -69  -32   76  -14  -48  -79  -69
    -109 -128  -33   23 -128 -108  -43  -60  -10 -128   43  -64   -1   17 -128  -96    8  -69  -41  -55  -91  -89
     -93  -53 -123 -128  -65  -68 -116  -68    6  -62   31 -128   -8   20  -67  -12   -5  -45  -48  -75  -13 -128
     -15  -45 -128   13  -24 -128 -125  -55  -51  -84  -80  -34  -67 -128  -36   15 -100 -106   14  -84  -27  -64
      24   24 -128   12  -43   -6   -5  -31  -16 -128 -128  -19  -63   34   -3  -74  -78   11 -103   59  -80  -67
      -7  -78  -26   78 -128  -50  -62  -83  -71  -54  -52  -90  -96 -128 -128  -68    4   22  -33   44  -86  -64
    -128  -12  -15  -58  -53  -94   -5  -59]]]]

=== INPUT1 ===
name    : build_efficientnetv2_b0_full_bnless/block2a_expand_activation/truediv;build_efficientnetv2_b0_full_bnless/block1a_project_activation/truediv/y
index   : 166
shape   : []
dtype   : <class 'numpy.int8'>
quant   : {'scales': [0.0006535947904922068], 'zero_points': [-128], 'axis': 0, 'scale_tuple': 0.0006535947904922068, 'zp_tuple': -128}
values(int):
127

=== OFM ===
name    : build_efficientnetv2_b0_full_bnless/block6b_se_expand/truediv;build_efficientnetv2_b0_full_bnless/block1a_project_activation/truediv/y
index   : 373
shape   : [1, 1, 1, 1152]
dtype   : <class 'numpy.int8'>
quant   : {'scales': [0.003921568859368563], 'zero_points': [-128], 'axis': 0, 'scale_tuple': 0.003921568859368563, 'zp_tuple': -128}
values(int):
[[[[ -41  -87  -23  -72   30  -72  -25 -128  -55  -70  -76  -36  -83  -38   39   29   20  -45  -31  -56  -56   52
     -40  -49 -119  -33  -33  -43  -17  -94  -33   18  -94  -79   18  -13   -1  -39   -9  -52  -50   23  -22  -28
      -4  -91    7  -49  -97  -62  -87 -128  -35 -117   22  -82  -49   20 -128  -41 -115  -48   24  -71 -128  -10
     -38  -82 -103  -68  -85    5  -70  -44  -79   22  -75  -21   27  -40  -40  -35   14  -92   18  -20   41  -21
    -128  -43  -30   15  -33 -128  -56    1  -40   14  -60    4 -102   28  -27  -98  -64   13  -21  -43  -34   63
     -99   85   24  -74  -47   35  -42  -34   19  -45  -98   -8 -128   10  -43 -111   35  -85 -128   30  -81    3
     -54  -87   10  -66 -128  -33    3   68 -128   -3  -97   62   44  -70  -46 -107  -73   -6  -60 -121   15  -40
      -2   18  -40  -94  -67    9  -40 -128   -8  -68  -25  -38 -128 -116  -86   17   22 -120  -10 -128  -68  -72
       1  -99  -72  -46    0 -123  -64    7 -125  -88  -84  -20 -126  -33  -93  -41  -96  -97 -124  -10    1  -48
    -128  -16  -66  -47  -47  -52  -50  -32  -34  -36  -89  -39 -128 -128   -2  -66   -4   31  -74   -5  -51  -34
     -67  -12   24  -61  -12  -44  -29   32  -35   16  -74   17  -62   38 -120  -23  -57 -128  -65   -2   27 -128
      12 -107   32   13    8 -113   75  -29  -90    6   -9  -19  -64    8  -56  -14   19  -75   48  -29  -62  -82
     -39  -99 -128  -29  -23 -102  -22  -26   10  -11 -128 -128  -34  -40 -106  -30  -55 -128  -92  -33 -128 -110
      -9 -127  -69 -128  -46  -26    8  -32  -15 -121  -19  -57 -103 -101 -123  -25  -63  -54  -19   15  -52  -19
     -48  -85 -128 -128  -50  -38   18   -3  -32    9  -69  -33  -60  -99 -128   -1   12  -40  -77 -101  -21   27
       8  -71  -50  -59 -110  -63  -16 -126   18 -100   33  -33 -128  -72   72  -13   -6  -94  -50    4 -128   -9
     -63 -128   38  -68    7  -54  -22  -87 -128 -128  -41  -78  -87  -32  -80 -127  -37   39   -4 -127  -88  -73
     -96  -79   -8  -30 -128 -128 -100   -9   -1  -80   70   48  -23   -7  -22  -27  -65  -54   18    3 -128 -128
     -76 -115   -7  -15  -44   39 -115  -19  -54   26  -12 -128    3  -15   18 -128   26   10  -43  -50  -62  -34
     -49  -62  -55 -110  -17  -68 -112  -69  -83  -25 -108    0  -36  -34  -73  -11 -128    2   44   44    2  -74
     -59 -128   -5   -5  -79  -45 -106  -27 -109 -128  -49   13 -128  -35  -36  -83  -19  -44  -58 -104  -38 -128
     -17  -55   17  -69 -108 -127  -68  -34 -113  -81  -11  -68  -16  -39  -54  -21  -59 -128  -82  -74  -26 -128
     -82   -6  -13  -89   13 -126 -106 -128  -84   22  -10  -44  -74   96  -15  -38  -97  -82  -72  -76 -119  -63
     -75 -128  -95   -1  -77  -68  -52    3 -128  -25 -114  -20   -3  -40  -23   17  -27  -23  -50  -61  -44  -69
     -20  -68  -14  -83   -5  -80 -101   34   37  -96  -83  -28  -81   21   -8 -128  -29  -61  -17   -8  -18  -92
    -128  -96  -10  -44   59  -17  -41  -47  -99  -49  -42   34   39   -2  -48  -15  -77  -94  -63  -30 -107   -1
     -23  -72  -16  -86   48  -19  -14  -10  -29  -42    5  -19   22    3  -46  -37  -99  -51 -113  -62   10  -11
     -63 -128  -24  -21  -95    2   25  -46   16   -8  -56   -2 -128  -53   24  -37  -36  -65 -112    5  -19 -125
    -123 -128  -60  -62  -80   12  -51 -107 -103  -48 -110  -35 -110  -80  -26 -128   21  -78 -128  -17   29  -60
     -85  -75 -128  -23   14  -96   -4   41  -91 -114  -21  -75   33   23  -57   22   35   -7  -34  -42 -128  -54
      31 -109 -125  -76 -128  -79  -20  -40    0   -8   33 -111 -108  -41  -28 -128   15  -42 -128  -70  -29 -128
     -59  -53   56 -128 -109  -14 -128  -22  -42   17  -74  -29  -47 -128  -45  -45  -81    8 -128  -54 -106   67
     -32   -7  -61 -128    2 -128  -43  -48  -61  -43   41  -48 -101  -89  -36  -11   -4 -128  -17  -57 -128  -33
     -26 -128 -128 -127 -128  -93  -82   24  -91 -128 -106  -48  -20  -52  -58 -128  -36   29 -101 -120   63  -37
     -55  -22 -111  -88  -55  -57  -66  -69  -67    5   47   16  -55 -128   53 -128  -21  -23    2  -39  -25   -3
       9  -58 -128   16 -128  -37  -98  -89  -80 -116   33 -128 -100  -47  -87 -128  -94  -80   -3  -18  -64   -2
      42  -34   17 -128   20    0  -63  -29  -49   -5  -97 -105  -72  -58 -101  -80  -56    5   15  -67   39  -95
    -128  -38 -128  -64 -128  -48 -128  -46 -128   38  -40  -88  -41   -3  -69  -95  -66  -98  -10   -4 -108  -71
    -128  -40 -128  -75 -128    4  -45 -128  -83    7  -35  -70 -128  -91   47  -29   -7  -55    1   52 -128  -57
      18   -6  -73 -128    2 -102 -117  -63  -73 -128    0  -29   20  -14  -63  -40  -24  -62 -128   12   12  -48
     -39    1  -98  -94 -110 -128  -75   54 -114  -98  -34  -40  -23  -10   12    9  -10  -37   -3  -65 -126  -56
     -44  -10  -36  -97  -84  -44    1  -64    1 -128    3  -76  -57  -24  -69  -40    2   28  -25 -105  -24   24
      -9 -128 -128  -34  -74   -7  -63  -45  -20  -19  -17  -62  -83  -52  -47  -49    3 -128 -123 -128   25  -20
     -79  -52  -61 -128 -128  -66 -128   -6    0   39  -15  -92   24 -101  -47  -26   62   20   -4  -34  -24  -97
       8  -72    5  -96 -120  -78  -76 -106 -128   38   29   -3  -42  -60  -70  -61  -63  -31 -107  -40  -34    0
    -128    7 -128  -46  -23   15  -24  -45   28  -94  -51  -30  -18 -124  -11  -37  -80   19 -111   29  -87  -52
       3  -62    1 -128  -97  -66   13  -99  -66 -110 -105 -122  -86  -64  -21  -69  -32   76  -14  -48  -79  -69
    -109 -128  -33   23 -128 -108  -43  -60  -10 -128   43  -64   -1   17 -128  -96    8  -69  -41  -55  -91  -89
     -93  -53 -123 -128  -65  -68 -116  -68    6  -62   31 -128   -8   20  -67  -12   -5  -45  -48  -75  -13 -128
     -15  -45 -128   13  -24 -128 -125  -55  -51  -84  -80  -34  -67 -128  -36   15 -100 -106   14  -84  -27  -64
      24   24 -128   12  -43   -6   -5  -31  -16 -128 -128  -19  -63   34   -3  -74  -78   11 -103   59  -80  -67
      -7  -78  -26   78 -128  -50  -62  -83  -71  -54  -52  -90  -96 -128 -128  -68    4   22  -33   44  -86  -64
    -128  -12  -15  -58  -53  -94   -5  -59]]]]

--- VERIFY MUL (elementwise) ---
real_mult=(s_x*s_y)/s_z=0.00392156858773 -> M=1077952565, n=7
idx | x | y | (x-zpx) | (y-zpy) | prod | SRDHM(prod,M) | Rshift | y_calc | y_ref | match
(0, 0, 0, 0) | -41 | 127 | 87 | 255 | 22185 | 11136 | >>7 | -41 | -41 | OK
(0, 0, 0, 1) | -87 | 127 | 41 | 255 | 10455 | 5248 | >>7 | -87 | -87 | OK
(0, 0, 0, 2) | -23 | 127 | 105 | 255 | 26775 | 13440 | >>7 | -23 | -23 | OK
(0, 0, 0, 3) | -72 | 127 | 56 | 255 | 14280 | 7168 | >>7 | -72 | -72 | OK
(0, 0, 0, 4) | 30 | 127 | 158 | 255 | 40290 | 20224 | >>7 | 30 | 30 | OK
(0, 0, 0, 5) | -72 | 127 | 56 | 255 | 14280 | 7168 | >>7 | -72 | -72 | OK
(0, 0, 0, 6) | -25 | 127 | 103 | 255 | 26265 | 13184 | >>7 | -25 | -25 | OK
(0, 0, 0, 7) | -128 | 127 | 0 | 255 | 0 | 0 | >>7 | -128 | -128 | OK
(0, 0, 0, 0) | -41 | 127 | 87 | 255 | 22185 | 11136 | >>7 | -41 | -41 | OK
(0, 0, 0, 1) | -87 | 127 | 41 | 255 | 10455 | 5248 | >>7 | -87 | -87 | OK
(0, 0, 0, 2) | -23 | 127 | 105 | 255 | 26775 | 13440 | >>7 | -23 | -23 | OK
(0, 0, 0, 3) | -72 | 127 | 56 | 255 | 14280 | 7168 | >>7 | -72 | -72 | OK
(0, 0, 0, 4) | 30 | 127 | 158 | 255 | 40290 | 20224 | >>7 | 30 | 30 | OK
(0, 0, 0, 5) | -72 | 127 | 56 | 255 | 14280 | 7168 | >>7 | -72 | -72 | OK
(0, 0, 0, 6) | -25 | 127 | 103 | 255 | 26265 | 13184 | >>7 | -25 | -25 | OK
(0, 0, 0, 7) | -128 | 127 | 0 | 255 | 0 | 0 | >>7 | -128 | -128 | OK
(0, 0, 0, 8) | -55 | 127 | 73 | 255 | 18615 | 9344 | >>7 | -55 | -55 | OK
(0, 0, 0, 9) | -70 | 127 | 58 | 255 | 14790 | 7424 | >>7 | -70 | -70 | OK
(0, 0, 0, 10) | -76 | 127 | 52 | 255 | 13260 | 6656 | >>7 | -76 | -76 | OK
(0, 0, 0, 11) | -36 | 127 | 92 | 255 | 23460 | 11776 | >>7 | -36 | -36 | OK
(0, 0, 0, 12) | -83 | 127 | 45 | 255 | 11475 | 5760 | >>7 | -83 | -83 | OK
(0, 0, 0, 13) | -38 | 127 | 90 | 255 | 22950 | 11520 | >>7 | -38 | -38 | OK
(0, 0, 0, 14) | 39 | 127 | 167 | 255 | 42585 | 21376 | >>7 | 39 | 39 | OK
(0, 0, 0, 15) | 29 | 127 | 157 | 255 | 40035 | 20096 | >>7 | 29 | 29 | OK
(0, 0, 0, 16) | 20 | 127 | 148 | 255 | 37740 | 18944 | >>7 | 20 | 20 | OK
(0, 0, 0, 17) | -45 | 127 | 83 | 255 | 21165 | 10624 | >>7 | -45 | -45 | OK
(0, 0, 0, 18) | -31 | 127 | 97 | 255 | 24735 | 12416 | >>7 | -31 | -31 | OK
(0, 0, 0, 19) | -56 | 127 | 72 | 255 | 18360 | 9216 | >>7 | -56 | -56 | OK
(0, 0, 0, 20) | -56 | 127 | 72 | 255 | 18360 | 9216 | >>7 | -56 | -56 | OK
(0, 0, 0, 21) | 52 | 127 | 180 | 255 | 45900 | 23040 | >>7 | 52 | 52 | OK
(0, 0, 0, 22) | -40 | 127 | 88 | 255 | 22440 | 11264 | >>7 | -40 | -40 | OK
(0, 0, 0, 23) | -49 | 127 | 79 | 255 | 20145 | 10112 | >>7 | -49 | -49 | OK
(0, 0, 0, 24) | -119 | 127 | 9 | 255 | 2295 | 1152 | >>7 | -119 | -119 | OK
(0, 0, 0, 25) | -33 | 127 | 95 | 255 | 24225 | 12160 | >>7 | -33 | -33 | OK
(0, 0, 0, 26) | -33 | 127 | 95 | 255 | 24225 | 12160 | >>7 | -33 | -33 | OK
(0, 0, 0, 27) | -43 | 127 | 85 | 255 | 21675 | 10880 | >>7 | -43 | -43 | OK
(0, 0, 0, 28) | -17 | 127 | 111 | 255 | 28305 | 14208 | >>7 | -17 | -17 | OK
(0, 0, 0, 29) | -94 | 127 | 34 | 255 | 8670 | 4352 | >>7 | -94 | -94 | OK
(0, 0, 0, 30) | -33 | 127 | 95 | 255 | 24225 | 12160 | >>7 | -33 | -33 | OK
(0, 0, 0, 31) | 18 | 127 | 146 | 255 | 37230 | 18688 | >>7 | 18 | 18 | OK
(0, 0, 0, 32) | -94 | 127 | 34 | 255 | 8670 | 4352 | >>7 | -94 | -94 | OK
(0, 0, 0, 33) | -79 | 127 | 49 | 255 | 12495 | 6272 | >>7 | -79 | -79 | OK
(0, 0, 0, 34) | 18 | 127 | 146 | 255 | 37230 | 18688 | >>7 | 18 | 18 | OK
(0, 0, 0, 35) | -13 | 127 | 115 | 255 | 29325 | 14720 | >>7 | -13 | -13 | OK
(0, 0, 0, 36) | -1 | 127 | 127 | 255 | 32385 | 16256 | >>7 | -1 | -1 | OK
(0, 0, 0, 37) | -39 | 127 | 89 | 255 | 22695 | 11392 | >>7 | -39 | -39 | OK
(0, 0, 0, 38) | -9 | 127 | 119 | 255 | 30345 | 15232 | >>7 | -9 | -9 | OK
(0, 0, 0, 39) | -52 | 127 | 76 | 255 | 19380 | 9728 | >>7 | -52 | -52 | OK
(0, 0, 0, 40) | -50 | 127 | 78 | 255 | 19890 | 9984 | >>7 | -50 | -50 | OK
(0, 0, 0, 41) | 23 | 127 | 151 | 255 | 38505 | 19328 | >>7 | 23 | 23 | OK
(0, 0, 0, 42) | -22 | 127 | 106 | 255 | 27030 | 13568 | >>7 | -22 | -22 | OK
(0, 0, 0, 43) | -28 | 127 | 100 | 255 | 25500 | 12800 | >>7 | -28 | -28 | OK
(0, 0, 0, 44) | -4 | 127 | 124 | 255 | 31620 | 15872 | >>7 | -4 | -4 | OK
(0, 0, 0, 45) | -91 | 127 | 37 | 255 | 9435 | 4736 | >>7 | -91 | -91 | OK
(0, 0, 0, 46) | 7 | 127 | 135 | 255 | 34425 | 17280 | >>7 | 7 | 7 | OK
(0, 0, 0, 47) | -49 | 127 | 79 | 255 | 20145 | 10112 | >>7 | -49 | -49 | OK
(0, 0, 0, 48) | -97 | 127 | 31 | 255 | 7905 | 3968 | >>7 | -97 | -97 | OK
(0, 0, 0, 49) | -62 | 127 | 66 | 255 | 16830 | 8448 | >>7 | -62 | -62 | OK
(0, 0, 0, 50) | -87 | 127 | 41 | 255 | 10455 | 5248 | >>7 | -87 | -87 | OK
(0, 0, 0, 51) | -128 | 127 | 0 | 255 | 0 | 0 | >>7 | -128 | -128 | OK
(0, 0, 0, 52) | -35 | 127 | 93 | 255 | 23715 | 11904 | >>7 | -35 | -35 | OK
(0, 0, 0, 53) | -117 | 127 | 11 | 255 | 2805 | 1408 | >>7 | -117 | -117 | OK
(0, 0, 0, 54) | 22 | 127 | 150 | 255 | 38250 | 19200 | >>7 | 22 | 22 | OK
(0, 0, 0, 55) | -82 | 127 | 46 | 255 | 11730 | 5888 | >>7 | -82 | -82 | OK
