MODEL : efficientnetv2_b0_bnless_int8.tflite
OP #171: RESHAPE

=== IFM0 ===
name    : build_efficientnetv2_b0_full_bnless/block6b_se_squeeze/Mean
index   : 365
shape   : [1, 1152]
dtype   : <class 'numpy.int8'>
quant   : {'scales': [0.06295404583215714], 'zero_points': [-122], 'axis': 0, 'scale_tuple': 0.06295404583215714, 'zp_tuple': -122}
values(int):
[[-122 -126 -127 -127 -122  -73 -125  -91 -127 -113 -118 -125 -125 -120 -125 -102 -122 -123 -123 -125 -124 -122 -127
  -126 -125 -125 -121 -121 -123 -127 -125 -126 -118 -122 -126 -123 -122 -123 -120 -122 -125 -117 -127 -126 -124 -125
  -127 -122 -125   -8 -101 -125 -123 -127 -125 -125 -113 -123 -100 -126 -121 -123 -124 -114 -108 -126 -128 -121 -124
  -115 -125 -127 -127 -125 -126 -126 -114 -128 -117 -125 -128 -117 -127 -127 -119 -126 -127 -125 -127 -125 -122 -127
  -127 -126 -110 -120 -124 -115 -126 -123 -128 -123 -121 -126  -60 -125 -123 -124 -116 -125 -116 -115 -124 -122 -124
  -122 -124 -124 -124 -123 -123 -122 -125 -125 -124 -109 -127 -121 -124 -127 -126 -120 -122 -125 -125 -123 -125 -127
  -122 -122 -127 -123 -115 -126 -125 -123 -125 -124 -122 -125 -127 -127 -126 -128 -127 -126 -119 -112 -122 -111 -125
  -118 -122 -119 -127 -124 -125 -127 -121 -125 -126 -124 -116 -105 -124 -124 -122 -112 -126 -121 -121 -121 -124 -118
  -127 -128 -128 -126 -124 -127 -127 -125 -126 -125 -123 -124 -122 -122 -124 -120 -126 -125 -126 -122 -125 -126 -127
  -123 -126 -122 -127 -124 -125 -126 -126 -127 -119 -125  -94 -125 -124 -127 -125 -127 -114 -123 -100  -48  -91 -126
  -123 -126 -124 -125 -112 -123 -125 -125 -126 -125 -127 -127 -120 -120 -124 -124 -120 -120 -114 -126 -103 -127 -127
  -122 -125 -118 -126 -126 -127 -124  -78 -126 -126 -121 -126 -124 -123 -124 -123 -120 -125 -125 -122 -123 -126 -122
  -109 -123 -116  -91 -121 -123 -126 -122 -101 -127 -122 -113 -122 -126 -115 -123 -127 -122 -123 -126 -123 -126 -127
  -126 -124 -123 -117 -103 -121 -109 -126 -124 -119 -122 -127 -122 -123 -106 -123 -122 -119 -125 -125 -124 -127 -126
  -121 -127 -124 -123 -118 -128  -94 -126 -117 -106 -125 -127 -125 -127 -126 -127 -127 -126 -123 -127 -125 -125 -100
  -124 -127 -122  -99 -115 -123 -127 -126  -71 -128 -124 -122 -125 -125 -127 -126 -126 -123 -125 -119 -126 -109 -113
  -126 -122 -125 -125 -127 -124 -104 -117 -123 -128 -122 -125 -126 -126 -127 -128 -120 -125 -126 -124 -122 -125 -121
  -111 -124 -126 -124 -127 -123 -126 -121 -123 -103 -120 -101 -124 -121 -124 -125 -122 -127 -120 -126 -127 -122 -124
  -126 -111 -127 -126 -124 -127 -124 -111 -124 -122 -124 -121 -126 -125 -125 -115 -122 -126 -126 -125 -125 -125 -117
  -125 -125 -127 -121 -128 -126 -118 -124 -127 -122 -127 -124 -124 -125 -121 -124 -125 -126 -125 -126 -122 -124 -126
  -125 -125 -126 -123 -126 -113 -127 -124 -115 -122 -127 -125 -122 -126 -127  -58 -123 -120  -98 -124 -127 -116 -121
  -127 -127 -124 -118 -121 -121 -118 -121 -123 -122 -119 -124 -125 -125 -113 -123 -126 -112 -123 -128 -119 -127 -119
  -125 -126 -128 -122 -120 -125 -107 -119 -110 -126 -126 -112 -123 -127 -118 -123 -124 -124 -125 -121 -128 -128 -116
  -122 -124 -120 -121 -126 -126 -109 -123 -126 -114 -125 -126 -124 -125 -121 -114 -123 -124 -121 -126 -124 -123 -124
  -125 -124 -127 -122 -108 -123 -124 -126 -119 -123 -113 -127 -111 -125 -126 -124 -124 -124 -110 -126 -123  -46 -123
  -121 -120 -125 -126 -122 -126 -127 -124 -121 -118 -126 -123 -127 -119 -126 -128 -125 -125 -118 -127 -122 -124 -125
  -126 -125 -119 -122 -124 -123 -127 -125 -127 -128 -126 -125 -124 -122 -123 -127 -126 -127 -126 -126 -127 -127  -51
  -123 -125 -125 -125 -126 -119 -126 -123 -128 -124 -127 -115 -122 -125 -122 -109 -127 -124 -126 -126 -121 -122 -124
  -124 -122 -125 -128 -123 -113 -117 -118 -119 -126 -122 -128 -123 -126 -127 -123 -126 -123 -123 -126 -123 -126 -110
  -123 -126 -120 -126 -127 -102 -123 -125 -127 -122 -125 -127 -104 -122 -111 -127 -124 -123 -126 -127  -69 -123 -122
  -127 -127 -127  -96 -124 -125 -127 -122 -106 -125 -123 -120 -122 -125 -126 -121  -75 -127 -125  -75 -125 -112 -122
   -86 -126 -105 -126 -124 -128  -90 -124 -104 -114 -123 -124 -121 -127 -125 -114 -120 -122 -127 -127 -127 -125 -103
  -128 -128 -100 -128 -128 -121 -127 -127 -126 -123 -124 -126 -121 -127 -120 -121 -123 -124 -125 -123 -125  -62 -126
  -127 -123 -127 -125 -127 -128 -109 -126 -125 -126 -124 -125 -123 -128 -126 -124 -120 -128 -126 -102 -117 -113 -122
   -94 -126 -127 -123 -126 -101 -118 -126 -118 -125 -126 -127 -127 -127 -116 -123 -126 -125 -126 -122 -125 -125 -122
  -125 -124 -126 -124 -127 -127 -126 -107 -124 -127 -116 -126 -126 -121 -122 -112 -113 -126 -115 -115 -127 -121 -108
  -125 -120 -121 -126 -127 -116 -125 -126 -126 -104 -127 -123 -127 -127 -124 -128 -123 -128 -128 -114 -124 -103 -124
  -127 -125 -124 -125 -127 -128 -124 -103 -124 -122 -126 -127 -119 -126 -123 -126 -117 -120 -122 -123 -114 -126 -122
  -128 -112 -123 -126 -109 -128  -85 -126 -123 -127 -127 -126  -98 -119 -123 -102 -115 -126 -128 -121 -127 -125 -123
  -101 -126 -127 -127 -126 -124 -127 -127 -116 -126 -123 -127 -123 -123 -123 -126 -125 -124 -121 -127 -121 -126 -127
  -124 -120 -113 -125 -127 -123 -128  -98 -120 -124 -125 -125 -127 -122  -99 -122 -124 -127 -126  -74 -125 -123 -128
  -123 -124 -125 -108 -105 -125 -125 -125 -125 -126 -120 -124 -127 -126 -121 -105 -109 -126 -121 -111 -115 -127 -125
  -127 -126 -119 -114 -123 -126 -120 -126 -126 -124 -128 -122 -120 -123 -126 -126 -125 -124 -127 -123 -126 -126 -123
  -123 -121 -127 -103  -98 -120 -127 -121 -123 -126 -126 -128 -126 -122 -120 -115 -124 -128 -125  -97 -124 -105 -124
  -124 -122 -127 -114 -121 -124 -125 -127 -122 -126 -126 -125 -127 -124   -6 -127 -120 -121 -124 -123 -109 -128 -126
  -125 -128 -118 -124 -126 -127 -123 -123 -125 -125 -127 -126 -126 -126 -123 -124 -125 -123 -124 -125 -110 -122 -126
  -124 -125 -126 -113 -125 -127 -125 -121 -120 -128 -116 -125 -126 -121 -123 -121 -123 -126 -125 -124 -125 -123 -123
  -117 -121 -127 -127 -127 -125 -128 -105 -127 -109 -127 -110 -123 -125 -127 -125 -116  -99 -126 -125 -124 -125 -127
  -127 -122 -126 -125 -123 -121 -116 -126 -119 -124 -124 -124 -126 -123 -112 -124 -123 -114 -124 -122 -127 -118  -97
  -126 -100 -123 -100 -124 -122 -119 -122 -123 -125 -127 -126 -125 -118 -127  -47 -127 -123 -124 -121 -128 -122 -125
  -126 -125]]

=== IFM1 ===
name    : build_efficientnetv2_b0_full_bnless/block6b_se_reshape/Reshape/shape
index   : 368
shape   : [4]
dtype   : <class 'numpy.int32'>
quant   : {'scales': [], 'zero_points': [], 'axis': 0, 'scale_tuple': 0.0, 'zp_tuple': 0}
values(int):
[   1    1    1 1152]

=== BIAS ===
N/A

=== OFM ===
name    : build_efficientnetv2_b0_full_bnless/block6b_se_reshape/Reshape
index   : 369
shape   : [1, 1, 1, 1152]
dtype   : <class 'numpy.int8'>
quant   : {'scales': [0.06295404583215714], 'zero_points': [-122], 'axis': 0, 'scale_tuple': 0.06295404583215714, 'zp_tuple': -122}
values(int):
[[[[-122 -126 -127 -127 -122  -73 -125  -91 -127 -113 -118 -125 -125 -120 -125 -102 -122 -123 -123 -125 -124 -122
    -127 -126 -125 -125 -121 -121 -123 -127 -125 -126 -118 -122 -126 -123 -122 -123 -120 -122 -125 -117 -127 -126
    -124 -125 -127 -122 -125   -8 -101 -125 -123 -127 -125 -125 -113 -123 -100 -126 -121 -123 -124 -114 -108 -126
    -128 -121 -124 -115 -125 -127 -127 -125 -126 -126 -114 -128 -117 -125 -128 -117 -127 -127 -119 -126 -127 -125
    -127 -125 -122 -127 -127 -126 -110 -120 -124 -115 -126 -123 -128 -123 -121 -126  -60 -125 -123 -124 -116 -125
    -116 -115 -124 -122 -124 -122 -124 -124 -124 -123 -123 -122 -125 -125 -124 -109 -127 -121 -124 -127 -126 -120
    -122 -125 -125 -123 -125 -127 -122 -122 -127 -123 -115 -126 -125 -123 -125 -124 -122 -125 -127 -127 -126 -128
    -127 -126 -119 -112 -122 -111 -125 -118 -122 -119 -127 -124 -125 -127 -121 -125 -126 -124 -116 -105 -124 -124
    -122 -112 -126 -121 -121 -121 -124 -118 -127 -128 -128 -126 -124 -127 -127 -125 -126 -125 -123 -124 -122 -122
    -124 -120 -126 -125 -126 -122 -125 -126 -127 -123 -126 -122 -127 -124 -125 -126 -126 -127 -119 -125  -94 -125
    -124 -127 -125 -127 -114 -123 -100  -48  -91 -126 -123 -126 -124 -125 -112 -123 -125 -125 -126 -125 -127 -127
    -120 -120 -124 -124 -120 -120 -114 -126 -103 -127 -127 -122 -125 -118 -126 -126 -127 -124  -78 -126 -126 -121
    -126 -124 -123 -124 -123 -120 -125 -125 -122 -123 -126 -122 -109 -123 -116  -91 -121 -123 -126 -122 -101 -127
    -122 -113 -122 -126 -115 -123 -127 -122 -123 -126 -123 -126 -127 -126 -124 -123 -117 -103 -121 -109 -126 -124
    -119 -122 -127 -122 -123 -106 -123 -122 -119 -125 -125 -124 -127 -126 -121 -127 -124 -123 -118 -128  -94 -126
    -117 -106 -125 -127 -125 -127 -126 -127 -127 -126 -123 -127 -125 -125 -100 -124 -127 -122  -99 -115 -123 -127
    -126  -71 -128 -124 -122 -125 -125 -127 -126 -126 -123 -125 -119 -126 -109 -113 -126 -122 -125 -125 -127 -124
    -104 -117 -123 -128 -122 -125 -126 -126 -127 -128 -120 -125 -126 -124 -122 -125 -121 -111 -124 -126 -124 -127
    -123 -126 -121 -123 -103 -120 -101 -124 -121 -124 -125 -122 -127 -120 -126 -127 -122 -124 -126 -111 -127 -126
    -124 -127 -124 -111 -124 -122 -124 -121 -126 -125 -125 -115 -122 -126 -126 -125 -125 -125 -117 -125 -125 -127
    -121 -128 -126 -118 -124 -127 -122 -127 -124 -124 -125 -121 -124 -125 -126 -125 -126 -122 -124 -126 -125 -125
    -126 -123 -126 -113 -127 -124 -115 -122 -127 -125 -122 -126 -127  -58 -123 -120  -98 -124 -127 -116 -121 -127
    -127 -124 -118 -121 -121 -118 -121 -123 -122 -119 -124 -125 -125 -113 -123 -126 -112 -123 -128 -119 -127 -119
    -125 -126 -128 -122 -120 -125 -107 -119 -110 -126 -126 -112 -123 -127 -118 -123 -124 -124 -125 -121 -128 -128
    -116 -122 -124 -120 -121 -126 -126 -109 -123 -126 -114 -125 -126 -124 -125 -121 -114 -123 -124 -121 -126 -124
    -123 -124 -125 -124 -127 -122 -108 -123 -124 -126 -119 -123 -113 -127 -111 -125 -126 -124 -124 -124 -110 -126
    -123  -46 -123 -121 -120 -125 -126 -122 -126 -127 -124 -121 -118 -126 -123 -127 -119 -126 -128 -125 -125 -118
    -127 -122 -124 -125 -126 -125 -119 -122 -124 -123 -127 -125 -127 -128 -126 -125 -124 -122 -123 -127 -126 -127
    -126 -126 -127 -127  -51 -123 -125 -125 -125 -126 -119 -126 -123 -128 -124 -127 -115 -122 -125 -122 -109 -127
    -124 -126 -126 -121 -122 -124 -124 -122 -125 -128 -123 -113 -117 -118 -119 -126 -122 -128 -123 -126 -127 -123
    -126 -123 -123 -126 -123 -126 -110 -123 -126 -120 -126 -127 -102 -123 -125 -127 -122 -125 -127 -104 -122 -111
    -127 -124 -123 -126 -127  -69 -123 -122 -127 -127 -127  -96 -124 -125 -127 -122 -106 -125 -123 -120 -122 -125
    -126 -121  -75 -127 -125  -75 -125 -112 -122  -86 -126 -105 -126 -124 -128  -90 -124 -104 -114 -123 -124 -121
    -127 -125 -114 -120 -122 -127 -127 -127 -125 -103 -128 -128 -100 -128 -128 -121 -127 -127 -126 -123 -124 -126
    -121 -127 -120 -121 -123 -124 -125 -123 -125  -62 -126 -127 -123 -127 -125 -127 -128 -109 -126 -125 -126 -124
    -125 -123 -128 -126 -124 -120 -128 -126 -102 -117 -113 -122  -94 -126 -127 -123 -126 -101 -118 -126 -118 -125
    -126 -127 -127 -127 -116 -123 -126 -125 -126 -122 -125 -125 -122 -125 -124 -126 -124 -127 -127 -126 -107 -124
    -127 -116 -126 -126 -121 -122 -112 -113 -126 -115 -115 -127 -121 -108 -125 -120 -121 -126 -127 -116 -125 -126
    -126 -104 -127 -123 -127 -127 -124 -128 -123 -128 -128 -114 -124 -103 -124 -127 -125 -124 -125 -127 -128 -124
    -103 -124 -122 -126 -127 -119 -126 -123 -126 -117 -120 -122 -123 -114 -126 -122 -128 -112 -123 -126 -109 -128
     -85 -126 -123 -127 -127 -126  -98 -119 -123 -102 -115 -126 -128 -121 -127 -125 -123 -101 -126 -127 -127 -126
    -124 -127 -127 -116 -126 -123 -127 -123 -123 -123 -126 -125 -124 -121 -127 -121 -126 -127 -124 -120 -113 -125
    -127 -123 -128  -98 -120 -124 -125 -125 -127 -122  -99 -122 -124 -127 -126  -74 -125 -123 -128 -123 -124 -125
    -108 -105 -125 -125 -125 -125 -126 -120 -124 -127 -126 -121 -105 -109 -126 -121 -111 -115 -127 -125 -127 -126
    -119 -114 -123 -126 -120 -126 -126 -124 -128 -122 -120 -123 -126 -126 -125 -124 -127 -123 -126 -126 -123 -123
    -121 -127 -103  -98 -120 -127 -121 -123 -126 -126 -128 -126 -122 -120 -115 -124 -128 -125  -97 -124 -105 -124
    -124 -122 -127 -114 -121 -124 -125 -127 -122 -126 -126 -125 -127 -124   -6 -127 -120 -121 -124 -123 -109 -128
    -126 -125 -128 -118 -124 -126 -127 -123 -123 -125 -125 -127 -126 -126 -126 -123 -124 -125 -123 -124 -125 -110
    -122 -126 -124 -125 -126 -113 -125 -127 -125 -121 -120 -128 -116 -125 -126 -121 -123 -121 -123 -126 -125 -124
    -125 -123 -123 -117 -121 -127 -127 -127 -125 -128 -105 -127 -109 -127 -110 -123 -125 -127 -125 -116  -99 -126
    -125 -124 -125 -127 -127 -122 -126 -125 -123 -121 -116 -126 -119 -124 -124 -124 -126 -123 -112 -124 -123 -114
    -124 -122 -127 -118  -97 -126 -100 -123 -100 -124 -122 -119 -122 -123 -125 -127 -126 -125 -118 -127  -47 -127
    -123 -124 -121 -128 -122 -125 -126 -125]]]]
