MODEL : efficientnetv2_b0_bnless_int8.tflite
OP #184: SHAPE

=== IFM0 ===
name    : build_efficientnetv2_b0_full_bnless/block6c_se_squeeze/Mean
index   : 381
shape   : [1, 1152]
dtype   : <class 'numpy.int8'>
quant   : {'scales': [0.05644882470369339], 'zero_points': [-121], 'axis': 0, 'scale_tuple': 0.05644882470369339, 'zp_tuple': -121}
values(int):
[[-127 -126 -114 -125 -122 -123 -122 -122 -124 -122 -105 -125 -128 -125 -124 -126 -128 -123 -104 -126 -127 -115 -125
  -124 -127 -123 -123 -119 -126 -128 -101 -126 -104 -128 -125 -128  -73 -127 -124 -120 -125 -122 -118 -126 -115 -119
  -122 -128 -124 -128 -124 -110 -116 -122 -125 -126 -117 -126 -124 -122 -128 -120 -124 -127 -128 -124 -125 -123 -113
  -104 -123 -121 -125 -118 -124 -121 -122 -102 -127 -124 -128 -125 -126 -120 -125 -110 -124 -119 -121 -122 -103 -128
  -127 -113 -127  -55 -126 -127 -109 -122 -128 -126 -126 -127 -126 -114 -120 -125 -124 -125 -127 -121 -126 -122 -112
  -127 -121 -127 -124 -124 -127 -122 -124 -125 -104 -120 -127 -122 -127 -105 -123 -124 -122 -123 -128 -122 -123 -126
  -128 -122 -126 -124 -122 -128 -106 -125 -126 -125 -126 -124 -122 -125 -126 -128 -126 -124 -128 -110 -115 -127 -127
  -124 -124 -112 -122 -125 -128 -128 -104 -128 -125 -126 -118 -128 -126 -101 -106 -128 -127 -126  -73 -124 -127 -125
  -128 -126 -126 -122 -113 -117 -127 -114 -122 -117 -125  -98 -124 -123 -127 -108 -122 -123 -125 -115 -125 -128 -122
  -126 -120 -117 -126 -123 -120 -128 -128 -122 -125 -121 -124 -127 -127 -115 -126 -117 -127 -128 -122 -126 -113 -125
  -128 -126 -121 -126 -127 -112 -125 -104 -127 -122   -3 -115 -125  -95 -127 -112 -122 -123 -128 -115 -123 -116 -111
  -121 -127 -108 -125 -126 -124 -124 -128 -122 -121 -126 -112 -128 -115 -126 -119 -126 -124 -123 -126 -125 -123 -119
  -125 -124 -121 -126 -110 -126 -124 -114 -125 -124 -105 -128 -123 -127 -113 -128 -128 -127 -124 -113 -125 -113 -127
  -119 -120 -124 -122 -104 -123 -128 -128 -120 -126 -126 -118 -117 -125 -102 -120 -126 -125 -122 -128 -110 -108 -112
  -126 -124 -128 -128 -127 -125 -127 -121 -121 -125 -126 -123 -128 -126 -125 -125 -128 -126 -126 -122 -122 -124 -119
   -99 -120 -126 -125 -120 -120 -111 -127 -122 -123 -104 -127 -118 -128 -128 -128 -126 -126 -124 -111 -125 -122 -118
   -90 -126 -127 -123 -125 -126 -113 -125 -128 -124 -124 -128 -118 -117 -125 -121 -126 -126 -113 -120 -124 -122 -123
  -126 -122 -125 -122 -124 -113 -120 -125 -102 -126  -68 -125 -127 -126 -125 -122 -121 -127 -124 -125 -124 -120 -128
  -126 -122 -122 -122 -116 -125 -124 -118 -116 -121 -110 -126 -123 -125 -114 -125 -125 -125  -71 -122 -114 -110 -127
  -125 -122 -126 -123 -127 -124 -126 -125 -123 -111 -128 -123 -122 -109 -122 -111 -125 -121 -112 -121 -126 -127 -124
  -128 -125 -124 -123 -127 -128 -124 -121 -123 -128 -126 -100 -102 -127 -122 -127 -124 -113  -95 -121 -125 -121 -127
  -110 -127 -107 -127 -120 -116 -124 -124 -123 -113 -100 -115 -116 -127 -122 -120 -124 -128 -124 -124 -124 -126 -125
  -111 -112 -120 -118 -127 -126 -125 -124 -107 -103 -114 -125 -119 -128 -127 -126 -127 -119 -124 -123 -119 -121 -124
  -120 -127 -127 -124 -116 -123 -126 -121 -102 -127 -120  -98 -123 -110 -125 -120 -106 -124 -123 -127 -124 -125 -123
  -120 -126 -124 -126 -116 -127 -124 -127 -127 -124 -125 -126 -127 -117 -126 -123 -119 -123 -122 -127 -128 -121 -124
  -125 -123 -127 -124 -126 -104 -126 -111 -125 -125 -127 -126 -123 -128 -107 -118 -124 -123 -126 -125 -126 -115 -118
  -128 -123 -127 -126 -127 -124 -126 -119 -124 -124 -127 -125 -127 -127 -120  -78 -119 -124 -126 -124 -123 -123 -121
  -123 -124 -122 -123 -125 -127 -126 -110 -122 -127 -122 -128 -123 -126 -128 -126 -124 -127 -121 -128 -126 -118 -125
  -124 -104 -127 -124 -117  -98 -108 -124 -126 -124 -128 -123  -93 -106 -124 -126 -107  -97 -124 -128 -126 -125 -123
  -111 -124 -127 -116 -120 -124 -125 -122 -127 -126 -115 -123 -126 -125 -126  -93 -128 -127 -127 -108 -119 -128 -127
  -120 -125 -124  -26 -122 -118 -126 -127 -124 -127 -128 -128 -124 -128 -127 -125 -125 -122 -123 -104 -125 -123 -110
  -126 -128 -125 -118 -121 -124 -125 -121 -121 -124 -125 -127 -118  -92 -110 -123 -124 -124 -124 -125 -117 -125 -127
  -121 -118 -123 -126 -120 -121 -127 -114 -124 -126 -117 -127 -128 -122 -127 -125 -109 -122 -125 -111 -117 -126 -122
  -127 -127 -125 -127 -111 -123 -111 -127 -124 -126 -127 -126 -125 -124 -127 -127 -121 -119 -125 -122 -121 -122 -121
  -128 -128 -100 -124 -127 -128 -118 -124 -112 -123 -106 -128 -120 -125 -121 -128 -128 -128 -123 -122 -123 -128 -122
  -122 -127 -118 -120 -126 -124 -118 -127 -122 -124 -113 -125  -67 -122 -125 -127 -118 -126 -117 -128 -123 -122 -124
  -107 -124 -127 -128 -126 -125 -125 -126 -122 -123 -127 -112 -128 -124 -127 -126 -126 -124 -128 -124 -126 -123 -125
  -123 -126 -127 -112  -84 -117 -121 -126 -128 -120 -128 -126 -125 -113 -127 -128 -125 -125 -125 -112 -123 -126 -128
  -123 -121 -127 -122 -122 -119 -117 -125 -106 -127 -110 -125 -121 -121 -120 -118 -123 -124 -126 -124 -122 -123 -121
  -125 -124 -124 -109 -124 -124 -122 -127 -120 -126 -118 -123 -128 -124 -122 -124 -126 -127 -126 -124 -119 -127 -124
  -118 -127 -122 -122 -118 -126 -123 -116 -126  -91 -126 -124 -122 -126 -121 -127 -122 -127 -112 -120 -128 -126 -110
  -128 -105 -111 -127 -123 -125 -128 -127 -126 -117 -125 -113 -122 -122  -91 -128 -126 -124 -128 -120 -121 -127 -127
  -128 -121 -128 -128 -121 -122 -117 -125 -120 -123 -120 -128 -128 -127 -128 -108 -121 -120 -123 -123 -123 -127 -123
  -125 -126 -128 -122 -127 -128 -105 -113 -123 -128 -128 -126 -121 -124 -124 -124 -122 -121 -115 -122 -128 -126 -121
  -128 -127 -128 -126 -127  -87 -127 -126 -113 -126 -124 -123 -127  -97 -121 -124 -125 -125 -110 -124 -120 -124 -116
  -123 -121 -124 -124 -126 -125  -86 -126 -127 -123 -122 -123 -124 -126 -126 -118 -116 -127 -128 -109 -127 -123 -113
  -120 -124 -121  -61 -120 -122 -127 -123 -122 -123 -128 -120 -127 -121 -126 -124 -122 -128 -128 -127 -127 -126 -127
  -101 -103 -124 -112 -127 -117 -128 -120 -124 -127 -104 -127 -125 -126 -128 -124 -125 -126 -123 -128 -119 -127 -123
  -126 -128 -128 -126 -122 -126 -126 -128 -128 -124 -122 -128 -121 -123 -126 -125 -127 -127 -106 -113 -126 -101 -108
  -126 -127 -126 -128 -115 -125 -124 -125 -124 -114 -110 -127 -124 -119 -126  -92 -124 -127 -126 -126 -125 -126  -73
  -128 -103]]

=== IFM1 ===
N/A

=== BIAS ===
N/A

=== OFM ===
name    : build_efficientnetv2_b0_full_bnless/block6c_se_reshape/Shape
index   : 382
shape   : [2]
dtype   : <class 'numpy.int32'>
quant   : {'scales': [], 'zero_points': [], 'axis': 0, 'scale_tuple': 0.0, 'zp_tuple': 0}
values(int):
[   1 1152]
