MODEL : efficientnetv2_b0_bnless_int8.tflite
OP #191: MUL

=== INPUT0 ===
name    : build_efficientnetv2_b0_full_bnless/block6c_se_expand/Relu6;build_efficientnetv2_b0_full_bnless/block6c_se_expand/add;build_efficientnetv2_b0_full_bnless/block6c_se_expand/BiasAdd/ReadVariableOp;build_efficientnetv2_b0_full_bnless/block6c_se_expand/BiasAdd;build_efficientnetv2_b0_full_bnless/block6h_se_expand/Conv2D;build_efficientnetv2_b0_full_bnless/block6c_se_expand/Conv2D;build_efficientnetv2_b0_full_bnless/block1a_project_activation/add/y1
index   : 388
shape   : [1, 1, 1, 1152]
dtype   : <class 'numpy.int8'>
quant   : {'scales': [0.0235294122248888], 'zero_points': [-128], 'axis': 0, 'scale_tuple': 0.0235294122248888, 'zp_tuple': -128}
values(int):
[[[[  -2  -70 -128  -50  -39  -50    1  -42 -128 -128   15  -53 -106  -84  -38  -10  -24  -38 -114 -128 -114  -96
     -88  -13  -11  -82 -111  -90 -113  -72  -28 -128 -127  -27  -14  -40  -28  -91  -28  -60  -57 -128  -22 -121
     -69  -68 -116  -98  -44  -28 -128  -81  -37  -60 -128  -85  -47   18  -31  -71  -15  -40  -30  -65  -78  -10
     -35 -128  -69  -22  -45  -72  -60  -59   35 -128  -91  -22  -74 -124 -125  -59    9  -38    7  -68  -40 -124
    -107  -90  -93  -80  -17  -33  -21   -1  -81   -4 -128  -27  -70 -103 -128  -52   21  -58  -71  -26  -95  -64
     -61   -7   -4 -108  -86  -41 -109  -48   -5   -9 -104    3 -128  -83  -99 -128  -57   -7  -28  -38   21 -116
     -20 -107  -36   11 -120  -12 -112  -70  -43 -102 -121  -90  -92  -11  -12 -128  -89    7  -43  -98  -11 -128
     -49  -55 -103  -80 -122 -128  -92   14 -128    9 -128 -128   29  -64   -4  -14  -86  -97 -128  -78  -59  -12
     -45  -33  -71  -37  -98  -75 -128  -38  -64  -12  -26  -76   -2  -83  -12  -72  -33  -46  -83 -128  -39  -76
     -90  -72  -45  -98  -39   15  -47 -128   -3 -128  -24   13  -38  -49  -51  -83 -112  -78 -128  -50  -76 -124
     -44  -12   -3  -22    4  -65 -111 -111  -46   14  -40  -83  -75 -114  -89   -1  -28  -73  -10   -1  -13  -68
      -6   23  -12  -84   -9  -79 -103  -45  -11   11  -94 -128  -58  -67  -86 -106  -77  -83  -47  -52  -80  -34
     -39   21  -13  -17   -3  -97  -38  -15  -58 -128  -29  -68  -98 -107  -44   15 -124  -56  -42  -48  -35  -13
     -80  -74 -128  -68 -128  -40 -128  -72  -91 -120 -128 -128  -64  -21  -79 -128  -46 -128  -57  -59 -128  -69
    -123  -98  -33   18  -79 -110 -103  -35 -128  -40  -79  -57 -128  -29   20 -100  -81  -63  -84  -11  -93  -93
     -46  -76 -128 -128  -50  -74  -28   32  -64    1  -76  -11  -24    2  -37    6 -101 -115  -68  -38  -73   -4
     -70 -128   -9  -68  -13  -47  -33 -101  -25  -66 -128  -62  -13  -67 -121 -128  -69 -123  -30  -72  -54  -83
      41  -78 -127  -34   67   34 -109  -56  -64  -18  -51  -73  -76  -29  -34  -55  -72 -128 -102  -20  -13 -128
     -26  -43  -54 -102  -10  -14  -57  -55  -29  -42  -84  -39  -23  -87  -14  -67  -83  -84  -20  -28  -45    2
    -119  -23 -112  -10  -17   65  -97  -92  -97  -57  -50  -25 -125  -44 -128  -27 -107  -50 -128  -22  -30   -2
     -38  -33  -88  -91 -128 -128 -128   -3  -46 -128  -49  -55  -17  -60  -29  -78  -55  -49  -16  -26  -75  -40
      -8 -107  -56  -34 -105 -106  -88 -127  -68  -71 -101  -53 -128  -26  -95  -56  -63   19  -75  -53  -70  -43
      -5 -108  -79 -120 -105  -88  -67  -84  -52  -86  -49 -119 -102  -60  -95  -93 -122  -61  -57  -39  -55  -91
    -107  -58  -30 -106 -100  -75  -67  -19  -20    7  -68  -41 -128 -116  -92  -54  -49  -41 -128  -70  -87  -11
      -4  -62  -90 -118   30  -58  -38  -87  -17 -128    6  -83  -74 -111 -128   26   36 -128 -128   16  -66 -116
     -74 -118    3   12 -128  -57  -36   39  -44  -64  -77  -77  -71  -63    8  -38   15  -27  -34  -37 -128  -68
     -60  -30  -12   24  -25  -90   20  -94  101 -128   68  -30  -27 -128  -60  -79  -73 -126  -14  -40  -52 -128
     -46 -109   12   13  -13 -119   -1  -14  -15  -70 -128 -128 -117  -44  -96  -47 -128   14  -31  -36  -66  -95
     -33  -45  -41  -94  -10 -105  -22 -128  -95  -67  -63 -111   -7  -56   25   -4  -82   23 -109 -120  -45  -34
     -32  -91  -77  -33  -91 -103  -25  -48   -7  -76  -71 -107  -12 -103 -100  -62  -52 -113  -85  -48  -21  -10
     -57 -128  -65  -13  -87  -50  -85  -62  -54  -91  -19  -49  -66  -51  -72 -106    2  -92  -71  -16 -126 -128
       0  -59   17 -104  -63  -51 -128 -119    0  -66   -7 -115   -3 -128  -37 -128   30   24  -78    8  -23  -16
    -105 -128  -51 -128   -8  -19  -21 -120  -49 -128  -84 -106  -41 -128  -85  -11  -82   15  -17  -81 -113  -62
     -60   54  -91 -106 -128 -111 -117  -32  -83  -52  -91  -55    0 -106  -69  -47  -24  -76  -17 -110 -128  -59
     -97 -115  -16  -42  -29  -54   10   10   24   14  -32   16  -55  -39    3  -94  -43 -128 -101 -104  -93   -2
     -74   -4  -43  -46  -14   28   -2   -7  -67   33  -39  -53  -59  -28  -26 -128  -37  -87  -36  -87  -75 -128
     -79 -128  -19  -38  -93  -48  -71  -98  -18  -89  -42  -93  -35  -64  -46  -73  -60 -107  -77  -55   -5 -119
     -55  -57 -116  -79  -52  -98  -50  -73 -128   -9 -128 -118  -43  -38  -65  -61   23 -112  -11  -34  -18  -78
     -87   -4  -15  -89   11  -33  -73  -84  -94 -128  -43    2  -40  -72   -3 -128  -19 -107  -53 -114  -32  -16
    -128  -91 -100  -61    3  -78  -46  -20  -61   23  -13  -49  -82  -83  -33  -32  -46  -58  -11  -21  -71  -99
     -69  -49  -55  -82  -43  -77  -53   25  -27 -116  -71 -128  -41  -51 -126  -26  -28 -114 -128 -118  -46 -128
     -68  -36   21    4  -25   26  -99 -128  -23  -76 -121  -55 -128 -128  -59  -46  -19  -54  -20  -61  -75 -128
    -109   20 -107  -72  -67 -128   -5  -42  -18  -73  -44 -121  -98 -128  -23  -80 -102   40  -58  -86  -88  -54
     -99  -20  -83  -59 -128 -119  -89  -10  -69 -126 -128 -128  -63  -44  -58 -124   -6  -63   -2  -51  -40  -36
      -7   21  -34  -25  -74  -97   10   79 -128  -12 -102  -25  -47  -14 -120  -28 -128  -27  -40  -39  -70 -127
     -92 -105 -126  -35 -126  -78  -22  -14   -4  -77  -10  -78  -15  -58 -128   17  -52  -83 -109  -50  -38   -6
    -128  -28  -60  -74  -33  -64  -69  -88  -65  -84  -97  -23  -67  -17  -52  -14  -35 -128 -128  -86  -42 -104
     -20  -75  -76  -83  -56  -52  -15  -54 -128  -89  -42  -52 -117  -99  -14    4  -47 -100  -94  -82    1   10
     -10 -124    5  -56  -44    1  -79  -37    3  -30  -49  -39 -128  -91  -43  -78  -68  -55  -19   -2  -83  -43
     -45  -18  -51  -97   37   21  -40 -112  -91  -72    2  -35 -128 -121  -28  -52  -92  -41  -48 -128  -49  -51
     -45  -38  -50  -45  -76 -128  -85  -46  -58  -84  -60 -128    9  -55 -106  -85 -118  -49 -128  -31  -54  -83
     -25  -38  -18  -71   43  -44  -64  -79  -61  -77  -58  -59  -63  -62  -12  -96  -28   29 -106 -128 -112 -128
     -23    1  -38  -70  -32   -7 -108  -38]]]]

=== INPUT1 ===
name    : build_efficientnetv2_b0_full_bnless/block2a_expand_activation/truediv;build_efficientnetv2_b0_full_bnless/block1a_project_activation/truediv/y
index   : 166
shape   : []
dtype   : <class 'numpy.int8'>
quant   : {'scales': [0.0006535947904922068], 'zero_points': [-128], 'axis': 0, 'scale_tuple': 0.0006535947904922068, 'zp_tuple': -128}
values(int):
127

=== OFM ===
name    : build_efficientnetv2_b0_full_bnless/block6c_se_expand/truediv;build_efficientnetv2_b0_full_bnless/block1a_project_activation/truediv/y
index   : 389
shape   : [1, 1, 1, 1152]
dtype   : <class 'numpy.int8'>
quant   : {'scales': [0.003921568859368563], 'zero_points': [-128], 'axis': 0, 'scale_tuple': 0.003921568859368563, 'zp_tuple': -128}
values(int):
[[[[  -2  -70 -128  -50  -39  -50    1  -42 -128 -128   15  -53 -106  -84  -38  -10  -24  -38 -114 -128 -114  -96
     -88  -13  -11  -82 -111  -90 -113  -72  -28 -128 -127  -27  -14  -40  -28  -91  -28  -60  -57 -128  -22 -121
     -69  -68 -116  -98  -44  -28 -128  -81  -37  -60 -128  -85  -47   18  -31  -71  -15  -40  -30  -65  -78  -10
     -35 -128  -69  -22  -45  -72  -60  -59   35 -128  -91  -22  -74 -124 -125  -59    9  -38    7  -68  -40 -124
    -107  -90  -93  -80  -17  -33  -21   -1  -81   -4 -128  -27  -70 -103 -128  -52   21  -58  -71  -26  -95  -64
     -61   -7   -4 -108  -86  -41 -109  -48   -5   -9 -104    3 -128  -83  -99 -128  -57   -7  -28  -38   21 -116
     -20 -107  -36   11 -120  -12 -112  -70  -43 -102 -121  -90  -92  -11  -12 -128  -89    7  -43  -98  -11 -128
     -49  -55 -103  -80 -122 -128  -92   14 -128    9 -128 -128   29  -64   -4  -14  -86  -97 -128  -78  -59  -12
     -45  -33  -71  -37  -98  -75 -128  -38  -64  -12  -26  -76   -2  -83  -12  -72  -33  -46  -83 -128  -39  -76
     -90  -72  -45  -98  -39   15  -47 -128   -3 -128  -24   13  -38  -49  -51  -83 -112  -78 -128  -50  -76 -124
     -44  -12   -3  -22    4  -65 -111 -111  -46   14  -40  -83  -75 -114  -89   -1  -28  -73  -10   -1  -13  -68
      -6   23  -12  -84   -9  -79 -103  -45  -11   11  -94 -128  -58  -67  -86 -106  -77  -83  -47  -52  -80  -34
     -39   21  -13  -17   -3  -97  -38  -15  -58 -128  -29  -68  -98 -107  -44   15 -124  -56  -42  -48  -35  -13
     -80  -74 -128  -68 -128  -40 -128  -72  -91 -120 -128 -128  -64  -21  -79 -128  -46 -128  -57  -59 -128  -69
    -123  -98  -33   18  -79 -110 -103  -35 -128  -40  -79  -57 -128  -29   20 -100  -81  -63  -84  -11  -93  -93
     -46  -76 -128 -128  -50  -74  -28   32  -64    1  -76  -11  -24    2  -37    6 -101 -115  -68  -38  -73   -4
     -70 -128   -9  -68  -13  -47  -33 -101  -25  -66 -128  -62  -13  -67 -121 -128  -69 -123  -30  -72  -54  -83
      41  -78 -127  -34   67   34 -109  -56  -64  -18  -51  -73  -76  -29  -34  -55  -72 -128 -102  -20  -13 -128
     -26  -43  -54 -102  -10  -14  -57  -55  -29  -42  -84  -39  -23  -87  -14  -67  -83  -84  -20  -28  -45    2
    -119  -23 -112  -10  -17   65  -97  -92  -97  -57  -50  -25 -125  -44 -128  -27 -107  -50 -128  -22  -30   -2
     -38  -33  -88  -91 -128 -128 -128   -3  -46 -128  -49  -55  -17  -60  -29  -78  -55  -49  -16  -26  -75  -40
      -8 -107  -56  -34 -105 -106  -88 -127  -68  -71 -101  -53 -128  -26  -95  -56  -63   19  -75  -53  -70  -43
      -5 -108  -79 -120 -105  -88  -67  -84  -52  -86  -49 -119 -102  -60  -95  -93 -122  -61  -57  -39  -55  -91
    -107  -58  -30 -106 -100  -75  -67  -19  -20    7  -68  -41 -128 -116  -92  -54  -49  -41 -128  -70  -87  -11
      -4  -62  -90 -118   30  -58  -38  -87  -17 -128    6  -83  -74 -111 -128   26   36 -128 -128   16  -66 -116
     -74 -118    3   12 -128  -57  -36   39  -44  -64  -77  -77  -71  -63    8  -38   15  -27  -34  -37 -128  -68
     -60  -30  -12   24  -25  -90   20  -94  101 -128   68  -30  -27 -128  -60  -79  -73 -126  -14  -40  -52 -128
     -46 -109   12   13  -13 -119   -1  -14  -15  -70 -128 -128 -117  -44  -96  -47 -128   14  -31  -36  -66  -95
     -33  -45  -41  -94  -10 -105  -22 -128  -95  -67  -63 -111   -7  -56   25   -4  -82   23 -109 -120  -45  -34
     -32  -91  -77  -33  -91 -103  -25  -48   -7  -76  -71 -107  -12 -103 -100  -62  -52 -113  -85  -48  -21  -10
     -57 -128  -65  -13  -87  -50  -85  -62  -54  -91  -19  -49  -66  -51  -72 -106    2  -92  -71  -16 -126 -128
       0  -59   17 -104  -63  -51 -128 -119    0  -66   -7 -115   -3 -128  -37 -128   30   24  -78    8  -23  -16
    -105 -128  -51 -128   -8  -19  -21 -120  -49 -128  -84 -106  -41 -128  -85  -11  -82   15  -17  -81 -113  -62
     -60   54  -91 -106 -128 -111 -117  -32  -83  -52  -91  -55    0 -106  -69  -47  -24  -76  -17 -110 -128  -59
     -97 -115  -16  -42  -29  -54   10   10   24   14  -32   16  -55  -39    3  -94  -43 -128 -101 -104  -93   -2
     -74   -4  -43  -46  -14   28   -2   -7  -67   33  -39  -53  -59  -28  -26 -128  -37  -87  -36  -87  -75 -128
     -79 -128  -19  -38  -93  -48  -71  -98  -18  -89  -42  -93  -35  -64  -46  -73  -60 -107  -77  -55   -5 -119
     -55  -57 -116  -79  -52  -98  -50  -73 -128   -9 -128 -118  -43  -38  -65  -61   23 -112  -11  -34  -18  -78
     -87   -4  -15  -89   11  -33  -73  -84  -94 -128  -43    2  -40  -72   -3 -128  -19 -107  -53 -114  -32  -16
    -128  -91 -100  -61    3  -78  -46  -20  -61   23  -13  -49  -82  -83  -33  -32  -46  -58  -11  -21  -71  -99
     -69  -49  -55  -82  -43  -77  -53   25  -27 -116  -71 -128  -41  -51 -126  -26  -28 -114 -128 -118  -46 -128
     -68  -36   21    4  -25   26  -99 -128  -23  -76 -121  -55 -128 -128  -59  -46  -19  -54  -20  -61  -75 -128
    -109   20 -107  -72  -67 -128   -5  -42  -18  -73  -44 -121  -98 -128  -23  -80 -102   40  -58  -86  -88  -54
     -99  -20  -83  -59 -128 -119  -89  -10  -69 -126 -128 -128  -63  -44  -58 -124   -6  -63   -2  -51  -40  -36
      -7   21  -34  -25  -74  -97   10   79 -128  -12 -102  -25  -47  -14 -120  -28 -128  -27  -40  -39  -70 -127
     -92 -105 -126  -35 -126  -78  -22  -14   -4  -77  -10  -78  -15  -58 -128   17  -52  -83 -109  -50  -38   -6
    -128  -28  -60  -74  -33  -64  -69  -88  -65  -84  -97  -23  -67  -17  -52  -14  -35 -128 -128  -86  -42 -104
     -20  -75  -76  -83  -56  -52  -15  -54 -128  -89  -42  -52 -117  -99  -14    4  -47 -100  -94  -82    1   10
     -10 -124    5  -56  -44    1  -79  -37    3  -30  -49  -39 -128  -91  -43  -78  -68  -55  -19   -2  -83  -43
     -45  -18  -51  -97   37   21  -40 -112  -91  -72    2  -35 -128 -121  -28  -52  -92  -41  -48 -128  -49  -51
     -45  -38  -50  -45  -76 -128  -85  -46  -58  -84  -60 -128    9  -55 -106  -85 -118  -49 -128  -31  -54  -83
     -25  -38  -18  -71   43  -44  -64  -79  -61  -77  -58  -59  -63  -62  -12  -96  -28   29 -106 -128 -112 -128
     -23    1  -38  -70  -32   -7 -108  -38]]]]

--- VERIFY MUL (elementwise) ---
real_mult=(s_x*s_y)/s_z=0.00392156858773 -> M=1077952565, n=7
idx | x | y | (x-zpx) | (y-zpy) | prod | SRDHM(prod,M) | Rshift | y_calc | y_ref | match
(0, 0, 0, 0) | -2 | 127 | 126 | 255 | 32130 | 16128 | >>7 | -2 | -2 | OK
(0, 0, 0, 1) | -70 | 127 | 58 | 255 | 14790 | 7424 | >>7 | -70 | -70 | OK
(0, 0, 0, 2) | -128 | 127 | 0 | 255 | 0 | 0 | >>7 | -128 | -128 | OK
(0, 0, 0, 3) | -50 | 127 | 78 | 255 | 19890 | 9984 | >>7 | -50 | -50 | OK
(0, 0, 0, 4) | -39 | 127 | 89 | 255 | 22695 | 11392 | >>7 | -39 | -39 | OK
(0, 0, 0, 5) | -50 | 127 | 78 | 255 | 19890 | 9984 | >>7 | -50 | -50 | OK
(0, 0, 0, 6) | 1 | 127 | 129 | 255 | 32895 | 16512 | >>7 | 1 | 1 | OK
(0, 0, 0, 7) | -42 | 127 | 86 | 255 | 21930 | 11008 | >>7 | -42 | -42 | OK
(0, 0, 0, 0) | -2 | 127 | 126 | 255 | 32130 | 16128 | >>7 | -2 | -2 | OK
(0, 0, 0, 1) | -70 | 127 | 58 | 255 | 14790 | 7424 | >>7 | -70 | -70 | OK
(0, 0, 0, 2) | -128 | 127 | 0 | 255 | 0 | 0 | >>7 | -128 | -128 | OK
(0, 0, 0, 3) | -50 | 127 | 78 | 255 | 19890 | 9984 | >>7 | -50 | -50 | OK
(0, 0, 0, 4) | -39 | 127 | 89 | 255 | 22695 | 11392 | >>7 | -39 | -39 | OK
(0, 0, 0, 5) | -50 | 127 | 78 | 255 | 19890 | 9984 | >>7 | -50 | -50 | OK
(0, 0, 0, 6) | 1 | 127 | 129 | 255 | 32895 | 16512 | >>7 | 1 | 1 | OK
(0, 0, 0, 7) | -42 | 127 | 86 | 255 | 21930 | 11008 | >>7 | -42 | -42 | OK
(0, 0, 0, 8) | -128 | 127 | 0 | 255 | 0 | 0 | >>7 | -128 | -128 | OK
(0, 0, 0, 9) | -128 | 127 | 0 | 255 | 0 | 0 | >>7 | -128 | -128 | OK
(0, 0, 0, 10) | 15 | 127 | 143 | 255 | 36465 | 18304 | >>7 | 15 | 15 | OK
(0, 0, 0, 11) | -53 | 127 | 75 | 255 | 19125 | 9600 | >>7 | -53 | -53 | OK
(0, 0, 0, 12) | -106 | 127 | 22 | 255 | 5610 | 2816 | >>7 | -106 | -106 | OK
(0, 0, 0, 13) | -84 | 127 | 44 | 255 | 11220 | 5632 | >>7 | -84 | -84 | OK
(0, 0, 0, 14) | -38 | 127 | 90 | 255 | 22950 | 11520 | >>7 | -38 | -38 | OK
(0, 0, 0, 15) | -10 | 127 | 118 | 255 | 30090 | 15104 | >>7 | -10 | -10 | OK
(0, 0, 0, 16) | -24 | 127 | 104 | 255 | 26520 | 13312 | >>7 | -24 | -24 | OK
(0, 0, 0, 17) | -38 | 127 | 90 | 255 | 22950 | 11520 | >>7 | -38 | -38 | OK
(0, 0, 0, 18) | -114 | 127 | 14 | 255 | 3570 | 1792 | >>7 | -114 | -114 | OK
(0, 0, 0, 19) | -128 | 127 | 0 | 255 | 0 | 0 | >>7 | -128 | -128 | OK
(0, 0, 0, 20) | -114 | 127 | 14 | 255 | 3570 | 1792 | >>7 | -114 | -114 | OK
(0, 0, 0, 21) | -96 | 127 | 32 | 255 | 8160 | 4096 | >>7 | -96 | -96 | OK
(0, 0, 0, 22) | -88 | 127 | 40 | 255 | 10200 | 5120 | >>7 | -88 | -88 | OK
(0, 0, 0, 23) | -13 | 127 | 115 | 255 | 29325 | 14720 | >>7 | -13 | -13 | OK
(0, 0, 0, 24) | -11 | 127 | 117 | 255 | 29835 | 14976 | >>7 | -11 | -11 | OK
(0, 0, 0, 25) | -82 | 127 | 46 | 255 | 11730 | 5888 | >>7 | -82 | -82 | OK
(0, 0, 0, 26) | -111 | 127 | 17 | 255 | 4335 | 2176 | >>7 | -111 | -111 | OK
(0, 0, 0, 27) | -90 | 127 | 38 | 255 | 9690 | 4864 | >>7 | -90 | -90 | OK
(0, 0, 0, 28) | -113 | 127 | 15 | 255 | 3825 | 1920 | >>7 | -113 | -113 | OK
(0, 0, 0, 29) | -72 | 127 | 56 | 255 | 14280 | 7168 | >>7 | -72 | -72 | OK
(0, 0, 0, 30) | -28 | 127 | 100 | 255 | 25500 | 12800 | >>7 | -28 | -28 | OK
(0, 0, 0, 31) | -128 | 127 | 0 | 255 | 0 | 0 | >>7 | -128 | -128 | OK
(0, 0, 0, 32) | -127 | 127 | 1 | 255 | 255 | 128 | >>7 | -127 | -127 | OK
(0, 0, 0, 33) | -27 | 127 | 101 | 255 | 25755 | 12928 | >>7 | -27 | -27 | OK
(0, 0, 0, 34) | -14 | 127 | 114 | 255 | 29070 | 14592 | >>7 | -14 | -14 | OK
(0, 0, 0, 35) | -40 | 127 | 88 | 255 | 22440 | 11264 | >>7 | -40 | -40 | OK
(0, 0, 0, 36) | -28 | 127 | 100 | 255 | 25500 | 12800 | >>7 | -28 | -28 | OK
(0, 0, 0, 37) | -91 | 127 | 37 | 255 | 9435 | 4736 | >>7 | -91 | -91 | OK
(0, 0, 0, 38) | -28 | 127 | 100 | 255 | 25500 | 12800 | >>7 | -28 | -28 | OK
(0, 0, 0, 39) | -60 | 127 | 68 | 255 | 17340 | 8704 | >>7 | -60 | -60 | OK
(0, 0, 0, 40) | -57 | 127 | 71 | 255 | 18105 | 9088 | >>7 | -57 | -57 | OK
(0, 0, 0, 41) | -128 | 127 | 0 | 255 | 0 | 0 | >>7 | -128 | -128 | OK
(0, 0, 0, 42) | -22 | 127 | 106 | 255 | 27030 | 13568 | >>7 | -22 | -22 | OK
(0, 0, 0, 43) | -121 | 127 | 7 | 255 | 1785 | 896 | >>7 | -121 | -121 | OK
(0, 0, 0, 44) | -69 | 127 | 59 | 255 | 15045 | 7552 | >>7 | -69 | -69 | OK
(0, 0, 0, 45) | -68 | 127 | 60 | 255 | 15300 | 7680 | >>7 | -68 | -68 | OK
(0, 0, 0, 46) | -116 | 127 | 12 | 255 | 3060 | 1536 | >>7 | -116 | -116 | OK
(0, 0, 0, 47) | -98 | 127 | 30 | 255 | 7650 | 3840 | >>7 | -98 | -98 | OK
(0, 0, 0, 48) | -44 | 127 | 84 | 255 | 21420 | 10752 | >>7 | -44 | -44 | OK
(0, 0, 0, 49) | -28 | 127 | 100 | 255 | 25500 | 12800 | >>7 | -28 | -28 | OK
(0, 0, 0, 50) | -128 | 127 | 0 | 255 | 0 | 0 | >>7 | -128 | -128 | OK
(0, 0, 0, 51) | -81 | 127 | 47 | 255 | 11985 | 6016 | >>7 | -81 | -81 | OK
(0, 0, 0, 52) | -37 | 127 | 91 | 255 | 23205 | 11648 | >>7 | -37 | -37 | OK
(0, 0, 0, 53) | -60 | 127 | 68 | 255 | 17340 | 8704 | >>7 | -60 | -60 | OK
(0, 0, 0, 54) | -128 | 127 | 0 | 255 | 0 | 0 | >>7 | -128 | -128 | OK
(0, 0, 0, 55) | -85 | 127 | 43 | 255 | 10965 | 5504 | >>7 | -85 | -85 | OK
