MODEL : efficientnetv2_b0_bnless_int8.tflite
OP #207: MUL

=== INPUT0 ===
name    : build_efficientnetv2_b0_full_bnless/block6d_se_expand/Relu6;build_efficientnetv2_b0_full_bnless/block6d_se_expand/add;build_efficientnetv2_b0_full_bnless/block6d_se_expand/BiasAdd/ReadVariableOp;build_efficientnetv2_b0_full_bnless/block6d_se_expand/BiasAdd;build_efficientnetv2_b0_full_bnless/block6h_se_expand/Conv2D;build_efficientnetv2_b0_full_bnless/block6d_se_expand/Conv2D;build_efficientnetv2_b0_full_bnless/block1a_project_activation/add/y1
index   : 404
shape   : [1, 1, 1, 1152]
dtype   : <class 'numpy.int8'>
quant   : {'scales': [0.0235294122248888], 'zero_points': [-128], 'axis': 0, 'scale_tuple': 0.0235294122248888, 'zp_tuple': -128}
values(int):
[[[[ -47  -89   34 -123  -14 -122 -128  -42 -117 -105 -109  -62  -59 -106 -128 -126 -108  -19  -72  -36  -50  -49
     -60  -68 -128  -74  -66  -21  -55  -34 -126  -91  -88    2   10  -92  -47 -101    2 -128  -77 -128  -51 -102
    -128 -121 -106  -12  -77  -34 -107  -43 -128 -102 -128  -46   -8  -86   -4 -119  -71  -91 -128 -105   -4  -89
     -36 -114  -60  -95 -101  -81 -128  -47  -50  -97  -56 -123 -114  -91 -128  -95   18 -128  -60  -98  -21 -128
     -33 -101 -100 -109  -58  -85  -72  -39 -128 -105  -83  -96 -106 -121  -40   -2  -34  -10  -41  -27  -71  -57
     -93  -24 -108 -121  -45  -47  -94 -114  -83  -69  -70 -121 -111  -54  -32  -32    0 -103 -128  -72  -31  -58
    -116  -64 -114 -121  -81  -51 -115  -83  -60  -55  -53 -128  -55 -128 -128  -62  -90 -124  -61  -34  -46  -49
    -128  -43  -42 -127  -70  -42 -128  -41  -60   -4  -43 -128 -128   -8 -124  -85 -105  -32  -77 -128  -95 -121
     -53 -128  -48 -128  -48  -59  -74 -122 -111 -127  -37 -128  -51   29 -128  -73  -65 -116  -51  -55 -128  -65
     -84 -100  -64  -71  -54  -43  -96  -64 -123  -40 -100  -53  -60  -61  -30  -96  -48  -14  -87  -41    6  -60
    -128 -100  -58  -69  -71  -22  -98  -87  -78 -101 -103  -87  -38  -25  -36  -20 -128 -128 -124  -98 -128  -55
     -18  -49  -43  -49  -20  -94  -97 -128  -94  -69 -124  -50  -20  -74 -128  -81  -19  -42  -86  -35 -128  -47
    -106 -117  -71 -124  -85  -80 -108  -48 -128  -69  -36 -128  -47 -120 -104 -128  -80  -60 -101  -43 -122 -118
     -55 -122 -128 -128  -98  -15  -45 -116 -128 -110 -111  -12  -60  -48  -84  -71  -59 -116  -46  -67  -95   -7
     -62  -38   32 -108  -92 -120  -58 -128  -59 -100  -80  -53 -101  -62 -104  -62   56    2  -36  -89  -75  -18
     -10 -120  -79 -128  -93  -62 -128 -121  -54  -77  -84 -128 -128  -82 -110  -57  -92  -47  -26  -76  -27  -49
     -94  -35  -82 -119 -128 -128 -128  -89  -32 -117 -128  -91  -71 -104  -76  -25  -66  -83  -48 -128  -87  -35
    -112   27 -128  -42  -86 -128  -12  -53  -70   -8 -111  -67  -83 -102 -102  -15  -70 -102  -75 -113 -128  -44
      -7 -117 -103  -68  -86  -80 -102  -97 -122 -110  -42  -91  -92 -107   23  -87  -85 -101  -79  -76  -80 -102
    -128  -73  -49  -58  -11 -111  -64 -100  -10  -50  -75  -21 -128  -21  -81  -89  -31  -47  -62 -128   27  -86
      22 -128  -78 -128  -54   -3  -84  -91 -128   38   22 -128  -39 -128  -35 -117  -10  -42  -74   13  -16 -116
    -128 -106 -116  -37 -108  -92  -97 -128 -128 -127  -39 -103 -108   21 -111  -82    8  -55  -34  -80   34  -17
    -128  -80  -31   -1 -114 -128 -128  -73 -128  -24  -79  -56  -51  -79  -83  -73  -78 -127  -37 -128  -56   38
     -73  -55  -35  127  -90 -117  -36 -128  -93  -60 -106  -74  -46  -85 -115 -106 -128  -21  -73  -61 -121  -72
     -95  -27 -107  -37 -101  -40  -90 -128  -80  -58 -128 -128  -52 -128  -72 -118  -98  -47  -17  -61  -63  -81
     -88  -88 -128 -128  -76  -85  -75  -41  -51  -55  -68  -92  -36  -61  -38 -100 -126  -56  -87  -78  -81  -57
     -85  -95 -103  -80  -28  -82  -66  -49  -71  -68 -128 -128  -28  -92   19 -128 -128  -53  -52    0  -97  -14
     -73 -113   -2 -128 -120  -67  -82  -90  -43  -63  -89 -128 -109  -88  -17 -114  -81  -86  -87  -79  -59  -57
     -69  -77  -60  -88  -22 -125  -77  -64  -80 -117 -125   36  -56  -84 -110  -87  -13  -13  -53 -128 -125  -44
     -25  -70 -127  -66 -124   -6  -66 -128  -39 -128  -71  -61  -57  -69  -80  -25 -128  -56  -89  -89  -63  -63
    -110 -102  -46  -80  -52  -78 -128 -111 -128 -117  -50  -77   -4  -89  -98  -79  -70 -128 -128  -79 -114  -94
     -79  -18  -66 -119  -40  -87  -74  -98  -21  -56  -52 -103  -49 -126 -128  -62  -33  -60  -70 -128  -56 -128
     -23 -108  -64   34 -128 -128  -20 -125 -104  -79  -59  -48  -73  -94 -128  -86 -109    1  -37  -87 -114  -90
      -4 -113  -37  -61 -108 -128 -128  -34  -11  -41  -54 -103 -107  -23  -44 -104  -80 -128  -29 -110 -128 -128
    -128  -47  -54  -68  -65  -68  -74  -90  -91  -55  -74 -128  -39  -76 -105  -34  -72 -108  -34  -86  -44  -67
      -4  -31  -30  -96  -78  -88  -92  -80   40   -7  -73  -94  -30 -121  -51  -26 -100  -29  -78 -122 -128  -17
       5 -128 -114   16 -128  -71 -128  -59 -128  -42  -26  -83   11    4 -107  -56  -78   -9 -124  -44  -28 -128
     -99  -10 -128  -66  -35 -128  -83 -127  -10 -100 -128  -30    9 -115  -51  -57 -128  -57  -67  -47 -113 -102
     -46   21  -70 -100  -79  -30  -85 -109  -98  -43 -128  -22  -85  -44 -128   19  -91  -95  -78  -53  -86  -59
     -92  -23  -44 -128  -54  -22  -32  -53 -116  -16  -31 -120  -41  -91  -64  -90 -128 -108 -103  -78 -128  -92
    -128  -93 -128  -47  -86  -93 -128  -13 -128 -115  -49  -33 -112 -123 -128 -103  -84  -51  -72  -22  -41 -122
    -124  -32 -103  -56   -1  -86  -64  -77  -51  -66  -34  -70  -88 -122  -83  -60  -94 -128 -118  -38 -101  -57
     -78  -58 -127  -29  -40 -117 -128 -119 -115  -72  -47  -97 -101 -120 -123 -128  -92 -128  -46 -111  -35  -52
     -84  -78  -90 -127  -47  -20  -51  -44  -30  -71 -102  -35 -128 -128 -128 -104 -115 -105  -63 -128  -57  -15
     -80 -128 -108  -54  -62 -128  -30 -128  -25  -87 -128 -128  -11  -63  -27 -102  -98  -89 -108  -60  -54  -59
     -33 -120 -109 -125  -51  -94 -118 -128  -60  -62  -91  -28  -52 -124  -76  -88  -33   14 -107  -36  -61 -123
     -51  -95  -90 -124 -128  -74    9  -28 -128  -78 -119 -101  -94  -91 -128 -118 -114  -46  -86  -47  -26  -79
     -68  -43  -94 -128    2  -77  -64  -29  -98 -100 -128 -118 -121 -111 -128 -128  -87  -81  -54 -128  -85  -24
     -48  -41  -55 -128  -55 -128  -86 -124  -63  -82  -84  -90  -59 -128 -123 -110 -106  -93  -53   -6  -31  -61
     -65 -128  -81  -32 -106  -95  -32  -53 -103  -81  -78  -41 -108  -66  -62  -97  -53  -73   -5 -128  -35  -57
    -128  -64  -76 -128  -33  -47  -82  -77  -30  -69  -66 -128   -9  -75 -102  -29 -121  -90  -92  -40  -63  -74
     -79  -92 -128  -63  -76  -12  -67 -128 -128 -120  -87 -128  -94 -108 -112  -29  -58 -122  -72 -113  -17  -32
     -83  -75 -128  -94 -128 -118  -62 -105]]]]

=== INPUT1 ===
name    : build_efficientnetv2_b0_full_bnless/block2a_expand_activation/truediv;build_efficientnetv2_b0_full_bnless/block1a_project_activation/truediv/y
index   : 166
shape   : []
dtype   : <class 'numpy.int8'>
quant   : {'scales': [0.0006535947904922068], 'zero_points': [-128], 'axis': 0, 'scale_tuple': 0.0006535947904922068, 'zp_tuple': -128}
values(int):
127

=== OFM ===
name    : build_efficientnetv2_b0_full_bnless/block6d_se_expand/truediv;build_efficientnetv2_b0_full_bnless/block1a_project_activation/truediv/y
index   : 405
shape   : [1, 1, 1, 1152]
dtype   : <class 'numpy.int8'>
quant   : {'scales': [0.003921568859368563], 'zero_points': [-128], 'axis': 0, 'scale_tuple': 0.003921568859368563, 'zp_tuple': -128}
values(int):
[[[[ -47  -89   34 -123  -14 -122 -128  -42 -117 -105 -109  -62  -59 -106 -128 -126 -108  -19  -72  -36  -50  -49
     -60  -68 -128  -74  -66  -21  -55  -34 -126  -91  -88    2   10  -92  -47 -101    2 -128  -77 -128  -51 -102
    -128 -121 -106  -12  -77  -34 -107  -43 -128 -102 -128  -46   -8  -86   -4 -119  -71  -91 -128 -105   -4  -89
     -36 -114  -60  -95 -101  -81 -128  -47  -50  -97  -56 -123 -114  -91 -128  -95   18 -128  -60  -98  -21 -128
     -33 -101 -100 -109  -58  -85  -72  -39 -128 -105  -83  -96 -106 -121  -40   -2  -34  -10  -41  -27  -71  -57
     -93  -24 -108 -121  -45  -47  -94 -114  -83  -69  -70 -121 -111  -54  -32  -32    0 -103 -128  -72  -31  -58
    -116  -64 -114 -121  -81  -51 -115  -83  -60  -55  -53 -128  -55 -128 -128  -62  -90 -124  -61  -34  -46  -49
    -128  -43  -42 -127  -70  -42 -128  -41  -60   -4  -43 -128 -128   -8 -124  -85 -105  -32  -77 -128  -95 -121
     -53 -128  -48 -128  -48  -59  -74 -122 -111 -127  -37 -128  -51   29 -128  -73  -65 -116  -51  -55 -128  -65
     -84 -100  -64  -71  -54  -43  -96  -64 -123  -40 -100  -53  -60  -61  -30  -96  -48  -14  -87  -41    6  -60
    -128 -100  -58  -69  -71  -22  -98  -87  -78 -101 -103  -87  -38  -25  -36  -20 -128 -128 -124  -98 -128  -55
     -18  -49  -43  -49  -20  -94  -97 -128  -94  -69 -124  -50  -20  -74 -128  -81  -19  -42  -86  -35 -128  -47
    -106 -117  -71 -124  -85  -80 -108  -48 -128  -69  -36 -128  -47 -120 -104 -128  -80  -60 -101  -43 -122 -118
     -55 -122 -128 -128  -98  -15  -45 -116 -128 -110 -111  -12  -60  -48  -84  -71  -59 -116  -46  -67  -95   -7
     -62  -38   32 -108  -92 -120  -58 -128  -59 -100  -80  -53 -101  -62 -104  -62   56    2  -36  -89  -75  -18
     -10 -120  -79 -128  -93  -62 -128 -121  -54  -77  -84 -128 -128  -82 -110  -57  -92  -47  -26  -76  -27  -49
     -94  -35  -82 -119 -128 -128 -128  -89  -32 -117 -128  -91  -71 -104  -76  -25  -66  -83  -48 -128  -87  -35
    -112   27 -128  -42  -86 -128  -12  -53  -70   -8 -111  -67  -83 -102 -102  -15  -70 -102  -75 -113 -128  -44
      -7 -117 -103  -68  -86  -80 -102  -97 -122 -110  -42  -91  -92 -107   23  -87  -85 -101  -79  -76  -80 -102
    -128  -73  -49  -58  -11 -111  -64 -100  -10  -50  -75  -21 -128  -21  -81  -89  -31  -47  -62 -128   27  -86
      22 -128  -78 -128  -54   -3  -84  -91 -128   38   22 -128  -39 -128  -35 -117  -10  -42  -74   13  -16 -116
    -128 -106 -116  -37 -108  -92  -97 -128 -128 -127  -39 -103 -108   21 -111  -82    8  -55  -34  -80   34  -17
    -128  -80  -31   -1 -114 -128 -128  -73 -128  -24  -79  -56  -51  -79  -83  -73  -78 -127  -37 -128  -56   38
     -73  -55  -35  127  -90 -117  -36 -128  -93  -60 -106  -74  -46  -85 -115 -106 -128  -21  -73  -61 -121  -72
     -95  -27 -107  -37 -101  -40  -90 -128  -80  -58 -128 -128  -52 -128  -72 -118  -98  -47  -17  -61  -63  -81
     -88  -88 -128 -128  -76  -85  -75  -41  -51  -55  -68  -92  -36  -61  -38 -100 -126  -56  -87  -78  -81  -57
     -85  -95 -103  -80  -28  -82  -66  -49  -71  -68 -128 -128  -28  -92   19 -128 -128  -53  -52    0  -97  -14
     -73 -113   -2 -128 -120  -67  -82  -90  -43  -63  -89 -128 -109  -88  -17 -114  -81  -86  -87  -79  -59  -57
     -69  -77  -60  -88  -22 -125  -77  -64  -80 -117 -125   36  -56  -84 -110  -87  -13  -13  -53 -128 -125  -44
     -25  -70 -127  -66 -124   -6  -66 -128  -39 -128  -71  -61  -57  -69  -80  -25 -128  -56  -89  -89  -63  -63
    -110 -102  -46  -80  -52  -78 -128 -111 -128 -117  -50  -77   -4  -89  -98  -79  -70 -128 -128  -79 -114  -94
     -79  -18  -66 -119  -40  -87  -74  -98  -21  -56  -52 -103  -49 -126 -128  -62  -33  -60  -70 -128  -56 -128
     -23 -108  -64   34 -128 -128  -20 -125 -104  -79  -59  -48  -73  -94 -128  -86 -109    1  -37  -87 -114  -90
      -4 -113  -37  -61 -108 -128 -128  -34  -11  -41  -54 -103 -107  -23  -44 -104  -80 -128  -29 -110 -128 -128
    -128  -47  -54  -68  -65  -68  -74  -90  -91  -55  -74 -128  -39  -76 -105  -34  -72 -108  -34  -86  -44  -67
      -4  -31  -30  -96  -78  -88  -92  -80   40   -7  -73  -94  -30 -121  -51  -26 -100  -29  -78 -122 -128  -17
       5 -128 -114   16 -128  -71 -128  -59 -128  -42  -26  -83   11    4 -107  -56  -78   -9 -124  -44  -28 -128
     -99  -10 -128  -66  -35 -128  -83 -127  -10 -100 -128  -30    9 -115  -51  -57 -128  -57  -67  -47 -113 -102
     -46   21  -70 -100  -79  -30  -85 -109  -98  -43 -128  -22  -85  -44 -128   19  -91  -95  -78  -53  -86  -59
     -92  -23  -44 -128  -54  -22  -32  -53 -116  -16  -31 -120  -41  -91  -64  -90 -128 -108 -103  -78 -128  -92
    -128  -93 -128  -47  -86  -93 -128  -13 -128 -115  -49  -33 -112 -123 -128 -103  -84  -51  -72  -22  -41 -122
    -124  -32 -103  -56   -1  -86  -64  -77  -51  -66  -34  -70  -88 -122  -83  -60  -94 -128 -118  -38 -101  -57
     -78  -58 -127  -29  -40 -117 -128 -119 -115  -72  -47  -97 -101 -120 -123 -128  -92 -128  -46 -111  -35  -52
     -84  -78  -90 -127  -47  -20  -51  -44  -30  -71 -102  -35 -128 -128 -128 -104 -115 -105  -63 -128  -57  -15
     -80 -128 -108  -54  -62 -128  -30 -128  -25  -87 -128 -128  -11  -63  -27 -102  -98  -89 -108  -60  -54  -59
     -33 -120 -109 -125  -51  -94 -118 -128  -60  -62  -91  -28  -52 -124  -76  -88  -33   14 -107  -36  -61 -123
     -51  -95  -90 -124 -128  -74    9  -28 -128  -78 -119 -101  -94  -91 -128 -118 -114  -46  -86  -47  -26  -79
     -68  -43  -94 -128    2  -77  -64  -29  -98 -100 -128 -118 -121 -111 -128 -128  -87  -81  -54 -128  -85  -24
     -48  -41  -55 -128  -55 -128  -86 -124  -63  -82  -84  -90  -59 -128 -123 -110 -106  -93  -53   -6  -31  -61
     -65 -128  -81  -32 -106  -95  -32  -53 -103  -81  -78  -41 -108  -66  -62  -97  -53  -73   -5 -128  -35  -57
    -128  -64  -76 -128  -33  -47  -82  -77  -30  -69  -66 -128   -9  -75 -102  -29 -121  -90  -92  -40  -63  -74
     -79  -92 -128  -63  -76  -12  -67 -128 -128 -120  -87 -128  -94 -108 -112  -29  -58 -122  -72 -113  -17  -32
     -83  -75 -128  -94 -128 -118  -62 -105]]]]

--- VERIFY MUL (elementwise) ---
real_mult=(s_x*s_y)/s_z=0.00392156858773 -> M=1077952565, n=7
idx | x | y | (x-zpx) | (y-zpy) | prod | SRDHM(prod,M) | Rshift | y_calc | y_ref | match
(0, 0, 0, 0) | -47 | 127 | 81 | 255 | 20655 | 10368 | >>7 | -47 | -47 | OK
(0, 0, 0, 1) | -89 | 127 | 39 | 255 | 9945 | 4992 | >>7 | -89 | -89 | OK
(0, 0, 0, 2) | 34 | 127 | 162 | 255 | 41310 | 20736 | >>7 | 34 | 34 | OK
(0, 0, 0, 3) | -123 | 127 | 5 | 255 | 1275 | 640 | >>7 | -123 | -123 | OK
(0, 0, 0, 4) | -14 | 127 | 114 | 255 | 29070 | 14592 | >>7 | -14 | -14 | OK
(0, 0, 0, 5) | -122 | 127 | 6 | 255 | 1530 | 768 | >>7 | -122 | -122 | OK
(0, 0, 0, 6) | -128 | 127 | 0 | 255 | 0 | 0 | >>7 | -128 | -128 | OK
(0, 0, 0, 7) | -42 | 127 | 86 | 255 | 21930 | 11008 | >>7 | -42 | -42 | OK
(0, 0, 0, 0) | -47 | 127 | 81 | 255 | 20655 | 10368 | >>7 | -47 | -47 | OK
(0, 0, 0, 1) | -89 | 127 | 39 | 255 | 9945 | 4992 | >>7 | -89 | -89 | OK
(0, 0, 0, 2) | 34 | 127 | 162 | 255 | 41310 | 20736 | >>7 | 34 | 34 | OK
(0, 0, 0, 3) | -123 | 127 | 5 | 255 | 1275 | 640 | >>7 | -123 | -123 | OK
(0, 0, 0, 4) | -14 | 127 | 114 | 255 | 29070 | 14592 | >>7 | -14 | -14 | OK
(0, 0, 0, 5) | -122 | 127 | 6 | 255 | 1530 | 768 | >>7 | -122 | -122 | OK
(0, 0, 0, 6) | -128 | 127 | 0 | 255 | 0 | 0 | >>7 | -128 | -128 | OK
(0, 0, 0, 7) | -42 | 127 | 86 | 255 | 21930 | 11008 | >>7 | -42 | -42 | OK
(0, 0, 0, 8) | -117 | 127 | 11 | 255 | 2805 | 1408 | >>7 | -117 | -117 | OK
(0, 0, 0, 9) | -105 | 127 | 23 | 255 | 5865 | 2944 | >>7 | -105 | -105 | OK
(0, 0, 0, 10) | -109 | 127 | 19 | 255 | 4845 | 2432 | >>7 | -109 | -109 | OK
(0, 0, 0, 11) | -62 | 127 | 66 | 255 | 16830 | 8448 | >>7 | -62 | -62 | OK
(0, 0, 0, 12) | -59 | 127 | 69 | 255 | 17595 | 8832 | >>7 | -59 | -59 | OK
(0, 0, 0, 13) | -106 | 127 | 22 | 255 | 5610 | 2816 | >>7 | -106 | -106 | OK
(0, 0, 0, 14) | -128 | 127 | 0 | 255 | 0 | 0 | >>7 | -128 | -128 | OK
(0, 0, 0, 15) | -126 | 127 | 2 | 255 | 510 | 256 | >>7 | -126 | -126 | OK
(0, 0, 0, 16) | -108 | 127 | 20 | 255 | 5100 | 2560 | >>7 | -108 | -108 | OK
(0, 0, 0, 17) | -19 | 127 | 109 | 255 | 27795 | 13952 | >>7 | -19 | -19 | OK
(0, 0, 0, 18) | -72 | 127 | 56 | 255 | 14280 | 7168 | >>7 | -72 | -72 | OK
(0, 0, 0, 19) | -36 | 127 | 92 | 255 | 23460 | 11776 | >>7 | -36 | -36 | OK
(0, 0, 0, 20) | -50 | 127 | 78 | 255 | 19890 | 9984 | >>7 | -50 | -50 | OK
(0, 0, 0, 21) | -49 | 127 | 79 | 255 | 20145 | 10112 | >>7 | -49 | -49 | OK
(0, 0, 0, 22) | -60 | 127 | 68 | 255 | 17340 | 8704 | >>7 | -60 | -60 | OK
(0, 0, 0, 23) | -68 | 127 | 60 | 255 | 15300 | 7680 | >>7 | -68 | -68 | OK
(0, 0, 0, 24) | -128 | 127 | 0 | 255 | 0 | 0 | >>7 | -128 | -128 | OK
(0, 0, 0, 25) | -74 | 127 | 54 | 255 | 13770 | 6912 | >>7 | -74 | -74 | OK
(0, 0, 0, 26) | -66 | 127 | 62 | 255 | 15810 | 7936 | >>7 | -66 | -66 | OK
(0, 0, 0, 27) | -21 | 127 | 107 | 255 | 27285 | 13696 | >>7 | -21 | -21 | OK
(0, 0, 0, 28) | -55 | 127 | 73 | 255 | 18615 | 9344 | >>7 | -55 | -55 | OK
(0, 0, 0, 29) | -34 | 127 | 94 | 255 | 23970 | 12032 | >>7 | -34 | -34 | OK
(0, 0, 0, 30) | -126 | 127 | 2 | 255 | 510 | 256 | >>7 | -126 | -126 | OK
(0, 0, 0, 31) | -91 | 127 | 37 | 255 | 9435 | 4736 | >>7 | -91 | -91 | OK
(0, 0, 0, 32) | -88 | 127 | 40 | 255 | 10200 | 5120 | >>7 | -88 | -88 | OK
(0, 0, 0, 33) | 2 | 127 | 130 | 255 | 33150 | 16640 | >>7 | 2 | 2 | OK
(0, 0, 0, 34) | 10 | 127 | 138 | 255 | 35190 | 17664 | >>7 | 10 | 10 | OK
(0, 0, 0, 35) | -92 | 127 | 36 | 255 | 9180 | 4608 | >>7 | -92 | -92 | OK
(0, 0, 0, 36) | -47 | 127 | 81 | 255 | 20655 | 10368 | >>7 | -47 | -47 | OK
(0, 0, 0, 37) | -101 | 127 | 27 | 255 | 6885 | 3456 | >>7 | -101 | -101 | OK
(0, 0, 0, 38) | 2 | 127 | 130 | 255 | 33150 | 16640 | >>7 | 2 | 2 | OK
(0, 0, 0, 39) | -128 | 127 | 0 | 255 | 0 | 0 | >>7 | -128 | -128 | OK
(0, 0, 0, 40) | -77 | 127 | 51 | 255 | 13005 | 6528 | >>7 | -77 | -77 | OK
(0, 0, 0, 41) | -128 | 127 | 0 | 255 | 0 | 0 | >>7 | -128 | -128 | OK
(0, 0, 0, 42) | -51 | 127 | 77 | 255 | 19635 | 9856 | >>7 | -51 | -51 | OK
(0, 0, 0, 43) | -102 | 127 | 26 | 255 | 6630 | 3328 | >>7 | -102 | -102 | OK
(0, 0, 0, 44) | -128 | 127 | 0 | 255 | 0 | 0 | >>7 | -128 | -128 | OK
(0, 0, 0, 45) | -121 | 127 | 7 | 255 | 1785 | 896 | >>7 | -121 | -121 | OK
(0, 0, 0, 46) | -106 | 127 | 22 | 255 | 5610 | 2816 | >>7 | -106 | -106 | OK
(0, 0, 0, 47) | -12 | 127 | 116 | 255 | 29580 | 14848 | >>7 | -12 | -12 | OK
(0, 0, 0, 48) | -77 | 127 | 51 | 255 | 13005 | 6528 | >>7 | -77 | -77 | OK
(0, 0, 0, 49) | -34 | 127 | 94 | 255 | 23970 | 12032 | >>7 | -34 | -34 | OK
(0, 0, 0, 50) | -107 | 127 | 21 | 255 | 5355 | 2688 | >>7 | -107 | -107 | OK
(0, 0, 0, 51) | -43 | 127 | 85 | 255 | 21675 | 10880 | >>7 | -43 | -43 | OK
(0, 0, 0, 52) | -128 | 127 | 0 | 255 | 0 | 0 | >>7 | -128 | -128 | OK
(0, 0, 0, 53) | -102 | 127 | 26 | 255 | 6630 | 3328 | >>7 | -102 | -102 | OK
(0, 0, 0, 54) | -128 | 127 | 0 | 255 | 0 | 0 | >>7 | -128 | -128 | OK
(0, 0, 0, 55) | -46 | 127 | 82 | 255 | 20910 | 10496 | >>7 | -46 | -46 | OK
