MODEL : efficientnetv2_b0_bnless_int8.tflite
OP #200: SHAPE

=== IFM0 ===
name    : build_efficientnetv2_b0_full_bnless/block6d_se_squeeze/Mean
index   : 397
shape   : [1, 1152]
dtype   : <class 'numpy.int8'>
quant   : {'scales': [0.05522014945745468], 'zero_points': [-121], 'axis': 0, 'scale_tuple': 0.05522014945745468, 'zp_tuple': -121}
values(int):
[[-127 -113 -118 -123 -128 -115 -122 -127 -122 -124 -127 -128 -125 -128 -106 -125 -124 -120 -121 -126 -126 -125 -128
   -88 -126 -124 -123 -101 -115 -128 -123 -126 -124 -127 -120 -124 -127 -116 -113 -128 -124 -128 -127 -125 -109 -128
  -123 -126 -128 -126 -116 -122 -126 -128 -106 -122 -119 -128 -126 -123 -127 -126 -127 -127 -117 -128 -116 -128 -125
  -118 -128 -116 -128 -127 -124 -127 -128 -122 -127 -126 -128 -123 -128 -124  -88 -121 -127  -93 -118 -123 -112 -128
  -128 -119 -125 -126 -124 -109 -123 -128 -117 -126 -101 -125 -126 -117 -126 -127 -123 -125 -128 -123 -128 -125 -118
  -128 -128 -125 -125 -128 -115 -102 -125 -115 -126 -125 -109 -110 -127 -126 -126 -128 -124 -126 -128 -128 -128 -121
  -126 -127 -127 -128  -92 -128 -128 -123 -120 -122 -124 -116 -125 -127 -127 -122 -101 -128 -127 -127 -126 -127 -128
  -128 -127 -117 -124 -101 -100 -123 -125  -96 -122 -118 -124 -127 -128  -95 -128 -122 -116 -127 -128 -127 -128 -117
  -125 -128 -127 -128 -128 -128 -124 -126 -123 -127 -127 -127 -120 -126 -128 -125 -123 -124 -119 -123 -128 -127 -119
  -128 -125 -124 -118 -101 -123  -95 -124 -127 -125 -127 -128  -94 -107 -125 -122 -128 -123 -126 -128 -125 -125 -127
  -123 -125 -118 -125 -124 -113 -128 -128 -112 -122 -116 -104 -127 -121 -125 -127 -127 -126 -125  -97 -103 -101 -122
  -119 -122 -128 -128 -103 -123 -114 -128 -128 -116 -127 -117 -127 -123 -125 -122 -124 -125 -126 -123 -126 -122 -128
  -118 -126 -121 -117 -125 -127 -128  -85 -127 -104 -126 -127 -118 -127 -124 -127 -128 -123 -112 -124 -126 -120 -121
  -126 -127 -125 -128 -124 -126 -126 -128 -127 -127 -105 -126 -126 -103 -125 -103 -128 -125 -128 -122 -127 -113 -116
  -121 -112 -114 -128 -128 -107 -121 -123 -121  -99 -126 -118 -117 -126 -125 -128 -125 -122 -123 -128  -79 -121 -128
  -126 -127 -125 -102 -125 -125 -121 -114 -123  -93 -122 -119 -126 -122 -126 -116 -127 -125 -118 -126 -127 -127 -127
  -115 -127 -128 -125 -126 -124 -128 -125 -127 -122 -101 -127 -124 -122 -125 -128 -121 -122 -122 -124 -123 -124 -127
  -119 -125 -128 -122 -126 -127 -128 -127 -127 -112 -125 -126 -128 -126 -128 -126 -123 -125 -128 -125 -127 -125 -128
  -103 -126 -125 -123 -128 -122 -118 -120 -109 -125 -125 -103 -114 -125 -126 -128 -128 -124 -127  -95 -128 -124 -119
  -125 -124 -125 -128 -112 -127 -124 -124 -124 -112 -127 -125 -128 -102 -110 -122 -128 -122 -106 -122 -125 -118 -125
  -124  -95 -122 -124 -127 -126 -122 -124 -103 -123 -125 -128 -107 -128 -127 -117 -120 -109 -126 -125 -115 -128 -113
  -125 -127 -127 -128 -123 -128 -117 -126 -123 -112 -125 -103  -81 -128  -75 -127 -122 -124 -128 -128 -111 -119 -123
  -103 -124  -41 -105 -124 -128 -125 -128  -95 -116 -128 -117 -128 -120 -127 -123 -127 -124 -128 -124 -126 -124 -127
   -95 -124 -115 -104 -119  -96 -112 -124 -125 -128 -122 -127 -101 -127 -126 -123  -80 -126 -120 -127 -123 -105 -128
  -106  -90 -127 -128 -122 -128 -115 -107  -67 -125 -128 -127 -128 -122 -122 -125 -122 -127 -127 -127 -124 -118 -126
  -124 -122 -123 -126 -128 -127 -122 -127 -126 -125 -122 -123 -124 -125 -128 -125 -128 -109 -122 -126 -126 -125 -119
  -124 -125 -125 -124 -128 -128 -127 -116 -119 -119 -115 -124 -122  -37 -128 -123 -124 -124 -128 -115 -125 -123 -122
  -128 -116 -121 -123 -128 -126 -108 -126 -125 -110 -124 -123 -128 -127 -125 -122 -115 -127 -114 -128 -125 -128 -115
  -122 -125 -123 -117 -125 -126 -122 -117 -125 -124 -127 -124 -125 -122 -125 -124 -117 -118 -107 -128 -124 -123 -126
  -127 -121 -123 -127 -102 -124 -110 -122 -100 -124 -122 -127 -124 -122 -116 -116 -127 -128 -122 -126 -128 -118 -123
  -126 -121 -122 -128 -126 -120 -128 -125 -119 -128 -116 -125 -123 -122 -121 -127 -125 -113 -128  -98 -127 -125 -124
  -128 -126 -118 -127 -110 -127  -93 -128 -125 -125 -127 -124 -126 -124 -122 -121 -128 -126 -127 -128 -127  -89 -126
  -128 -125 -127 -114 -125 -128 -115 -125 -112 -121 -120 -128 -114 -128 -128 -128 -126 -128 -128 -128 -128 -125 -127
  -119 -119 -126 -128 -127 -124 -126 -126 -127 -110 -122 -128 -128 -122 -124 -126 -127 -127 -126 -124 -118 -128 -128
  -121 -126 -118 -125 -116 -116 -127 -126  -82 -120 -125 -127 -127 -128 -115 -124 -127 -125 -114 -122 -126 -127 -125
  -119 -124 -128 -121 -124 -122 -115 -125 -128 -128 -121 -124 -126 -122 -126 -124 -123 -128 -126 -122 -124 -117 -106
  -113 -128 -127 -128 -123 -122 -109 -112 -125 -113 -123 -125 -122 -120 -106 -127 -118 -122 -107 -126 -121 -122 -126
  -105 -124 -125  -86 -124 -127 -128 -124 -117 -122 -127 -107 -128 -126 -127 -126 -123 -127 -109 -118 -122 -122 -127
  -128 -127 -127 -127 -123 -127  -79 -123 -126 -128 -100 -128 -123 -123 -102 -121 -123 -127 -125 -127 -123 -126 -113
  -121 -128 -124 -124 -128 -127 -123 -127 -128 -127 -128 -117 -118 -122 -119 -127 -123 -108 -126 -101 -128 -126 -124
  -120 -127 -128 -118 -121 -127 -128 -128 -126 -105 -106 -112 -123 -126 -121 -109 -128 -102 -126  -80 -126 -128 -123
  -101 -128 -126 -103 -117 -127 -122 -124 -111 -126 -127 -127  -87  -74 -124 -123 -128 -109 -105  -88 -122 -110 -123
  -126 -121 -125 -122 -126 -118 -126 -116 -125 -125 -128 -128 -128 -127 -117 -127 -127 -123 -126 -119 -119 -119 -127
  -120 -128 -124 -124 -123 -128 -116 -128 -124 -128 -126 -121 -118 -128 -128 -121 -127 -126 -105 -123 -127 -128 -124
  -128 -128 -101 -122 -118 -125 -125 -122  -44 -126 -123 -125 -125 -107 -126 -127 -128 -123 -127 -127 -122 -127 -120
  -128 -125 -108 -122 -125 -127 -127 -125 -103 -125 -123 -123 -126 -125 -117  -95 -127 -127 -114 -118 -126 -116 -127
  -123 -128 -127  -94 -118 -128 -120  -35 -125 -122 -124 -121 -122 -117 -124  -79 -127 -125 -125 -128 -103 -110 -125
  -116 -122 -128 -121 -127 -117 -125 -126 -125 -109 -120 -119 -128 -100 -122 -115 -112 -128 -125 -106 -112 -125 -102
  -115 -124 -111 -128 -125 -126 -109 -100 -128 -127  -93 -109 -124 -126 -120 -104 -125 -123  -77 -126 -128 -115 -126
  -124 -125 -128 -128  -88 -125  -97 -128 -100 -127 -127 -127 -128 -107 -123 -121 -125 -122 -127 -124 -118 -122 -127
  -107 -113]]

=== IFM1 ===
N/A

=== BIAS ===
N/A

=== OFM ===
name    : build_efficientnetv2_b0_full_bnless/block6d_se_reshape/Shape
index   : 398
shape   : [2]
dtype   : <class 'numpy.int32'>
quant   : {'scales': [], 'zero_points': [], 'axis': 0, 'scale_tuple': 0.0, 'zp_tuple': 0}
values(int):
[   1 1152]
