MODEL : efficientnetv2_b0_bnless_int8.tflite
OP #223: MUL

=== INPUT0 ===
name    : build_efficientnetv2_b0_full_bnless/block6e_se_expand/Relu6;build_efficientnetv2_b0_full_bnless/block6e_se_expand/add;build_efficientnetv2_b0_full_bnless/block6e_se_expand/BiasAdd/ReadVariableOp;build_efficientnetv2_b0_full_bnless/block6e_se_expand/BiasAdd;build_efficientnetv2_b0_full_bnless/block6h_se_expand/Conv2D;build_efficientnetv2_b0_full_bnless/block6e_se_expand/Conv2D;build_efficientnetv2_b0_full_bnless/block1a_project_activation/add/y1
index   : 420
shape   : [1, 1, 1, 1152]
dtype   : <class 'numpy.int8'>
quant   : {'scales': [0.0235294122248888], 'zero_points': [-128], 'axis': 0, 'scale_tuple': 0.0235294122248888, 'zp_tuple': -128}
values(int):
[[[[-107  -71 -128 -109  -84  -87  -87  -73  -24 -128  -68 -107    9  -53  -64   22 -123 -128  -90 -112  -95 -128
     -79 -128  -14 -128    9  -77  -97 -128  -18  -93 -128 -128 -105  -94 -112  -99 -128  -76 -108  -91 -128 -101
     -49  -63  -59 -128  -84  -96   21  -44  -53 -117 -128  -36 -128 -128 -128  -81 -118 -110  -12  -44  -92 -113
    -124  -63  -52  -93  -36 -111 -128  -83 -123 -128 -128 -128  -92 -128 -112  -98  -63 -107  -88 -105 -106  -74
    -116  -97   67 -128  -45  -46 -128 -102 -104 -128  -67 -107  -32  -32 -128 -128   33  -30  -95  -87 -128  -96
    -117  -86 -128   -8 -128  -84  -98  -81  -99  -94  -16  -67  -73  -80 -128  -45  -69  -66 -116 -128  -76 -109
     -49  -82 -128  -81   10  -22 -128  -85 -104   -9 -111  -88 -107  -61 -102 -118  -80 -128 -128 -109 -101  -84
      16 -110 -116  -80  -44 -128 -115 -100 -121 -128 -128 -128  -74  -58  -40 -117 -128  -10 -128   19  -46 -128
     -95  -65  -21  -87  -32   10 -128  -78  -99 -128 -128 -128  -63  -88  -93  -38 -101 -128 -118 -128 -128  -99
     -43 -128 -128  -79  -77  -81 -118 -128 -112  -77 -128 -128 -120  -94  -55  -63  -95  -38 -116 -128 -106 -128
     -78 -128 -128  -90  -88   -8  -99  -83  -32 -127 -115  -87  -68  -96  -80  -57 -128  -57  -76 -128  -16  -38
    -109 -128 -121  -70 -128  -50  -49 -128 -112 -128  -37 -128 -128  -26 -128  -84 -118  -55 -128  -70  -40  -41
     -86 -128  -62  -90  -44 -101  -69 -107 -128 -128 -109    7  -85  -45 -128 -128  -85 -103  -82 -128  -83  -67
    -128 -114  -84  -63 -112  -75 -119 -128 -128  -68 -120  -39 -128 -115  -51  -68 -115 -128  -63 -128 -122 -128
     -53 -124  -89 -128 -120 -118 -128  -26 -128 -100 -120  -48 -128 -128 -128 -124 -128 -121  -82 -128   -6 -128
    -128 -118  -30 -128  -91  -86 -103  -64 -128 -118 -128 -105  -79  -40  -66  -69 -121  -98 -128  -27 -123 -128
      40 -128 -113  -49 -128  -33    3  -42 -109 -105  -78  -59 -128  -66  -57  -92 -116 -110 -128  -65 -128  -74
     -99  -15 -120  -72 -128  -97  -62 -119 -120 -127 -128  -92  -66 -128 -128  -90  -73 -128  -84 -119  -90 -128
     -39  -55 -128   -9  -14  -94 -128  -79  -84 -114 -128  -32  -94  -76  -81 -124 -114  -92 -108  -71  -97  -98
    -128 -103 -114 -113  -41  -71 -128  -51 -106 -109  -17  -88 -118 -128    3  -66 -128  -72  -87  -92  -92  -26
    -113  -35 -128  -48 -102  -48 -128  -48 -128 -128 -128 -128 -128 -113  -78 -128  -32 -128 -128  -64  -96  -71
     -61  -89  -37 -125 -127 -106  -74  -43 -115  -80 -128 -101  -63  -92 -128  -44  -65 -100 -128 -128 -112 -109
    -128 -108 -123 -121 -128  -49  -93  -65  -79  -86 -128  -51  -95 -128 -128  -78 -106  -62   29  -59  -78 -123
    -128 -109 -128 -116 -115  -12  -63 -128 -128  -44 -123 -120 -128  -60 -128  -91 -119   29  -38  -32  -59 -128
    -124 -110  -90 -128 -128 -100 -128  -52  -58 -128  -65 -128 -123  -46  -68 -128 -128 -101  -36 -128  -55 -128
     -54  -76  -52 -118 -128  -78 -128 -128  -67 -113 -128  -41 -128  -83  -64 -128  -75  -91 -106 -121  -81 -107
     -59  -81  -33  -25 -128  -82  -92 -103 -128 -101  -71 -122  -62  -95 -128    0 -128  -61 -105   35 -128 -128
    -128  -25  -98   19  -88  -75 -128 -128  -47 -128  -23  -81  -84  -59  -88  -62  -52  -62 -128  -86 -128  -90
    -128 -115 -128  -98  -85 -128 -109 -128 -128 -116 -128 -128  -73 -128  -91  -29  -79  -97 -123  -68  -41  -50
    -104  -43 -128  -59  -60 -128  -78  -81 -128  -43  -95  -27 -113  -78  -71  -28  -79 -120 -128  -66 -112  -61
    -118 -128  -71  -64 -110 -128 -128 -109 -128  -76 -110 -103 -128  -92  -75 -128 -128  -62 -128 -128 -103  -38
    -128  -24  -92 -121   -6  -58 -112 -128  -73  -75 -111   37 -103 -128 -111 -128 -128 -119  -74 -116  -41 -118
    -128  -66 -104 -128  -90  -79  -79 -128 -117 -128  -54   -6 -114  -94  -70 -128  -61 -117  -91 -114 -128  -80
    -107  -95  -21 -108 -128 -114  -65 -127  -66 -124  -49 -128  -75  -70   77  -78  -61  -27 -128 -104 -128 -128
    -128 -117  -95 -107  -65 -127  -79  -93 -127 -128 -120 -128 -110 -128 -124 -125 -117  -82  -95  -37   24  -45
    -112 -128  -29  -60 -128 -113  -68 -128 -128 -123 -128 -128  -44  -75 -128  -70 -117 -128 -114 -128  -68 -128
    -110 -120 -108  -65 -128 -122  -85  -92 -128  -12  -56  -27 -104  -52 -125 -116  -40 -128  -58 -121  -46  -68
     -81 -128  -74  -49 -111  -83  -84  -21 -128 -128  -74  -98 -128  -84 -127 -122 -117 -128  -97 -128  -66  -90
     -10 -100  -62 -114  -94  -38 -128 -128  -76 -128 -128 -110  -53 -111 -128 -128  -17 -128  -74 -128  -75  -79
     -67 -128 -100 -128  -37  -72 -128  -56 -128  -94 -128  -17 -128 -119  -92  -49 -128  -52  -99  -92  -57   32
     -33  -89 -128 -107  -87  -35 -110 -126 -128 -128 -128  -11   32  -50 -128 -128  -32 -122  -84 -128  -77  -68
     -33 -128  -58 -128 -128  -26   11 -128 -106  -58  -83  -85 -128  -60  -19  -46 -103 -128 -128 -128 -112  -96
     -34 -128 -107  -82 -128  -27   17  -96  -80  -22 -111 -122  -60 -122 -128  -80 -109 -128 -128 -128  -23  -71
    -116 -128  -68  -85  -85  -76  -96 -128 -128 -128  -48  -84 -126  -59  -91 -107 -109  -98 -128 -128 -128 -106
    -128  -92  -99  -62  -67  -57 -101 -128  -50  -72 -105  -76 -128 -124  -24 -128 -127  -98 -128 -110  -40  -87
     -38  -93 -103 -128  -93 -128  -69 -128 -122  -32  -94 -128 -105 -109 -128 -128  -85  -42   -7  -36 -128 -108
    -128  -98 -106  -99  -37  -35  -88 -107 -128 -128 -110  -83 -102  -92 -113 -128 -128 -124  -89 -128 -128  -28
     -72 -113 -128   29  -66  -93    6  -59 -101 -126 -128  -35 -128  -50 -107  -82 -128 -128 -108 -128  -94  -79
    -128  -61  -94 -128  -66  -48 -117  -96  -89 -128 -107 -128 -128  -99  -63 -100 -128 -128 -128  -83 -102 -128
    -108 -128 -128 -128 -128  -75 -128 -107  -48  -67 -128 -128 -100  -91 -128  -49  -66 -128 -128  -24  -86 -125
     -42  -64  -78  -37 -128 -128  -44  -73 -112 -128 -123  -67 -128 -102 -104 -128  -46  -72  -39 -128 -106 -128
      13  -92  -55  -79  -87 -128  -15 -120  -28 -123  -99  -22 -109 -128 -128  -91  -86 -105 -128  -74 -128  -67
     -75 -128  -63 -104 -128 -128  -89 -128]]]]

=== INPUT1 ===
name    : build_efficientnetv2_b0_full_bnless/block2a_expand_activation/truediv;build_efficientnetv2_b0_full_bnless/block1a_project_activation/truediv/y
index   : 166
shape   : []
dtype   : <class 'numpy.int8'>
quant   : {'scales': [0.0006535947904922068], 'zero_points': [-128], 'axis': 0, 'scale_tuple': 0.0006535947904922068, 'zp_tuple': -128}
values(int):
127

=== OFM ===
name    : build_efficientnetv2_b0_full_bnless/block6e_se_expand/truediv;build_efficientnetv2_b0_full_bnless/block1a_project_activation/truediv/y
index   : 421
shape   : [1, 1, 1, 1152]
dtype   : <class 'numpy.int8'>
quant   : {'scales': [0.003921568859368563], 'zero_points': [-128], 'axis': 0, 'scale_tuple': 0.003921568859368563, 'zp_tuple': -128}
values(int):
[[[[-107  -71 -128 -109  -84  -87  -87  -73  -24 -128  -68 -107    9  -53  -64   22 -123 -128  -90 -112  -95 -128
     -79 -128  -14 -128    9  -77  -97 -128  -18  -93 -128 -128 -105  -94 -112  -99 -128  -76 -108  -91 -128 -101
     -49  -63  -59 -128  -84  -96   21  -44  -53 -117 -128  -36 -128 -128 -128  -81 -118 -110  -12  -44  -92 -113
    -124  -63  -52  -93  -36 -111 -128  -83 -123 -128 -128 -128  -92 -128 -112  -98  -63 -107  -88 -105 -106  -74
    -116  -97   67 -128  -45  -46 -128 -102 -104 -128  -67 -107  -32  -32 -128 -128   33  -30  -95  -87 -128  -96
    -117  -86 -128   -8 -128  -84  -98  -81  -99  -94  -16  -67  -73  -80 -128  -45  -69  -66 -116 -128  -76 -109
     -49  -82 -128  -81   10  -22 -128  -85 -104   -9 -111  -88 -107  -61 -102 -118  -80 -128 -128 -109 -101  -84
      16 -110 -116  -80  -44 -128 -115 -100 -121 -128 -128 -128  -74  -58  -40 -117 -128  -10 -128   19  -46 -128
     -95  -65  -21  -87  -32   10 -128  -78  -99 -128 -128 -128  -63  -88  -93  -38 -101 -128 -118 -128 -128  -99
     -43 -128 -128  -79  -77  -81 -118 -128 -112  -77 -128 -128 -120  -94  -55  -63  -95  -38 -116 -128 -106 -128
     -78 -128 -128  -90  -88   -8  -99  -83  -32 -127 -115  -87  -68  -96  -80  -57 -128  -57  -76 -128  -16  -38
    -109 -128 -121  -70 -128  -50  -49 -128 -112 -128  -37 -128 -128  -26 -128  -84 -118  -55 -128  -70  -40  -41
     -86 -128  -62  -90  -44 -101  -69 -107 -128 -128 -109    7  -85  -45 -128 -128  -85 -103  -82 -128  -83  -67
    -128 -114  -84  -63 -112  -75 -119 -128 -128  -68 -120  -39 -128 -115  -51  -68 -115 -128  -63 -128 -122 -128
     -53 -124  -89 -128 -120 -118 -128  -26 -128 -100 -120  -48 -128 -128 -128 -124 -128 -121  -82 -128   -6 -128
    -128 -118  -30 -128  -91  -86 -103  -64 -128 -118 -128 -105  -79  -40  -66  -69 -121  -98 -128  -27 -123 -128
      40 -128 -113  -49 -128  -33    3  -42 -109 -105  -78  -59 -128  -66  -57  -92 -116 -110 -128  -65 -128  -74
     -99  -15 -120  -72 -128  -97  -62 -119 -120 -127 -128  -92  -66 -128 -128  -90  -73 -128  -84 -119  -90 -128
     -39  -55 -128   -9  -14  -94 -128  -79  -84 -114 -128  -32  -94  -76  -81 -124 -114  -92 -108  -71  -97  -98
    -128 -103 -114 -113  -41  -71 -128  -51 -106 -109  -17  -88 -118 -128    3  -66 -128  -72  -87  -92  -92  -26
    -113  -35 -128  -48 -102  -48 -128  -48 -128 -128 -128 -128 -128 -113  -78 -128  -32 -128 -128  -64  -96  -71
     -61  -89  -37 -125 -127 -106  -74  -43 -115  -80 -128 -101  -63  -92 -128  -44  -65 -100 -128 -128 -112 -109
    -128 -108 -123 -121 -128  -49  -93  -65  -79  -86 -128  -51  -95 -128 -128  -78 -106  -62   29  -59  -78 -123
    -128 -109 -128 -116 -115  -12  -63 -128 -128  -44 -123 -120 -128  -60 -128  -91 -119   29  -38  -32  -59 -128
    -124 -110  -90 -128 -128 -100 -128  -52  -58 -128  -65 -128 -123  -46  -68 -128 -128 -101  -36 -128  -55 -128
     -54  -76  -52 -118 -128  -78 -128 -128  -67 -113 -128  -41 -128  -83  -64 -128  -75  -91 -106 -121  -81 -107
     -59  -81  -33  -25 -128  -82  -92 -103 -128 -101  -71 -122  -62  -95 -128    0 -128  -61 -105   35 -128 -128
    -128  -25  -98   19  -88  -75 -128 -128  -47 -128  -23  -81  -84  -59  -88  -62  -52  -62 -128  -86 -128  -90
    -128 -115 -128  -98  -85 -128 -109 -128 -128 -116 -128 -128  -73 -128  -91  -29  -79  -97 -123  -68  -41  -50
    -104  -43 -128  -59  -60 -128  -78  -81 -128  -43  -95  -27 -113  -78  -71  -28  -79 -120 -128  -66 -112  -61
    -118 -128  -71  -64 -110 -128 -128 -109 -128  -76 -110 -103 -128  -92  -75 -128 -128  -62 -128 -128 -103  -38
    -128  -24  -92 -121   -6  -58 -112 -128  -73  -75 -111   37 -103 -128 -111 -128 -128 -119  -74 -116  -41 -118
    -128  -66 -104 -128  -90  -79  -79 -128 -117 -128  -54   -6 -114  -94  -70 -128  -61 -117  -91 -114 -128  -80
    -107  -95  -21 -108 -128 -114  -65 -127  -66 -124  -49 -128  -75  -70   77  -78  -61  -27 -128 -104 -128 -128
    -128 -117  -95 -107  -65 -127  -79  -93 -127 -128 -120 -128 -110 -128 -124 -125 -117  -82  -95  -37   24  -45
    -112 -128  -29  -60 -128 -113  -68 -128 -128 -123 -128 -128  -44  -75 -128  -70 -117 -128 -114 -128  -68 -128
    -110 -120 -108  -65 -128 -122  -85  -92 -128  -12  -56  -27 -104  -52 -125 -116  -40 -128  -58 -121  -46  -68
     -81 -128  -74  -49 -111  -83  -84  -21 -128 -128  -74  -98 -128  -84 -127 -122 -117 -128  -97 -128  -66  -90
     -10 -100  -62 -114  -94  -38 -128 -128  -76 -128 -128 -110  -53 -111 -128 -128  -17 -128  -74 -128  -75  -79
     -67 -128 -100 -128  -37  -72 -128  -56 -128  -94 -128  -17 -128 -119  -92  -49 -128  -52  -99  -92  -57   32
     -33  -89 -128 -107  -87  -35 -110 -126 -128 -128 -128  -11   32  -50 -128 -128  -32 -122  -84 -128  -77  -68
     -33 -128  -58 -128 -128  -26   11 -128 -106  -58  -83  -85 -128  -60  -19  -46 -103 -128 -128 -128 -112  -96
     -34 -128 -107  -82 -128  -27   17  -96  -80  -22 -111 -122  -60 -122 -128  -80 -109 -128 -128 -128  -23  -71
    -116 -128  -68  -85  -85  -76  -96 -128 -128 -128  -48  -84 -126  -59  -91 -107 -109  -98 -128 -128 -128 -106
    -128  -92  -99  -62  -67  -57 -101 -128  -50  -72 -105  -76 -128 -124  -24 -128 -127  -98 -128 -110  -40  -87
     -38  -93 -103 -128  -93 -128  -69 -128 -122  -32  -94 -128 -105 -109 -128 -128  -85  -42   -7  -36 -128 -108
    -128  -98 -106  -99  -37  -35  -88 -107 -128 -128 -110  -83 -102  -92 -113 -128 -128 -124  -89 -128 -128  -28
     -72 -113 -128   29  -66  -93    6  -59 -101 -126 -128  -35 -128  -50 -107  -82 -128 -128 -108 -128  -94  -79
    -128  -61  -94 -128  -66  -48 -117  -96  -89 -128 -107 -128 -128  -99  -63 -100 -128 -128 -128  -83 -102 -128
    -108 -128 -128 -128 -128  -75 -128 -107  -48  -67 -128 -128 -100  -91 -128  -49  -66 -128 -128  -24  -86 -125
     -42  -64  -78  -37 -128 -128  -44  -73 -112 -128 -123  -67 -128 -102 -104 -128  -46  -72  -39 -128 -106 -128
      13  -92  -55  -79  -87 -128  -15 -120  -28 -123  -99  -22 -109 -128 -128  -91  -86 -105 -128  -74 -128  -67
     -75 -128  -63 -104 -128 -128  -89 -128]]]]

--- VERIFY MUL (elementwise) ---
real_mult=(s_x*s_y)/s_z=0.00392156858773 -> M=1077952565, n=7
idx | x | y | (x-zpx) | (y-zpy) | prod | SRDHM(prod,M) | Rshift | y_calc | y_ref | match
(0, 0, 0, 0) | -107 | 127 | 21 | 255 | 5355 | 2688 | >>7 | -107 | -107 | OK
(0, 0, 0, 1) | -71 | 127 | 57 | 255 | 14535 | 7296 | >>7 | -71 | -71 | OK
(0, 0, 0, 2) | -128 | 127 | 0 | 255 | 0 | 0 | >>7 | -128 | -128 | OK
(0, 0, 0, 3) | -109 | 127 | 19 | 255 | 4845 | 2432 | >>7 | -109 | -109 | OK
(0, 0, 0, 4) | -84 | 127 | 44 | 255 | 11220 | 5632 | >>7 | -84 | -84 | OK
(0, 0, 0, 5) | -87 | 127 | 41 | 255 | 10455 | 5248 | >>7 | -87 | -87 | OK
(0, 0, 0, 6) | -87 | 127 | 41 | 255 | 10455 | 5248 | >>7 | -87 | -87 | OK
(0, 0, 0, 7) | -73 | 127 | 55 | 255 | 14025 | 7040 | >>7 | -73 | -73 | OK
(0, 0, 0, 0) | -107 | 127 | 21 | 255 | 5355 | 2688 | >>7 | -107 | -107 | OK
(0, 0, 0, 1) | -71 | 127 | 57 | 255 | 14535 | 7296 | >>7 | -71 | -71 | OK
(0, 0, 0, 2) | -128 | 127 | 0 | 255 | 0 | 0 | >>7 | -128 | -128 | OK
(0, 0, 0, 3) | -109 | 127 | 19 | 255 | 4845 | 2432 | >>7 | -109 | -109 | OK
(0, 0, 0, 4) | -84 | 127 | 44 | 255 | 11220 | 5632 | >>7 | -84 | -84 | OK
(0, 0, 0, 5) | -87 | 127 | 41 | 255 | 10455 | 5248 | >>7 | -87 | -87 | OK
(0, 0, 0, 6) | -87 | 127 | 41 | 255 | 10455 | 5248 | >>7 | -87 | -87 | OK
(0, 0, 0, 7) | -73 | 127 | 55 | 255 | 14025 | 7040 | >>7 | -73 | -73 | OK
(0, 0, 0, 8) | -24 | 127 | 104 | 255 | 26520 | 13312 | >>7 | -24 | -24 | OK
(0, 0, 0, 9) | -128 | 127 | 0 | 255 | 0 | 0 | >>7 | -128 | -128 | OK
(0, 0, 0, 10) | -68 | 127 | 60 | 255 | 15300 | 7680 | >>7 | -68 | -68 | OK
(0, 0, 0, 11) | -107 | 127 | 21 | 255 | 5355 | 2688 | >>7 | -107 | -107 | OK
(0, 0, 0, 12) | 9 | 127 | 137 | 255 | 34935 | 17536 | >>7 | 9 | 9 | OK
(0, 0, 0, 13) | -53 | 127 | 75 | 255 | 19125 | 9600 | >>7 | -53 | -53 | OK
(0, 0, 0, 14) | -64 | 127 | 64 | 255 | 16320 | 8192 | >>7 | -64 | -64 | OK
(0, 0, 0, 15) | 22 | 127 | 150 | 255 | 38250 | 19200 | >>7 | 22 | 22 | OK
(0, 0, 0, 16) | -123 | 127 | 5 | 255 | 1275 | 640 | >>7 | -123 | -123 | OK
(0, 0, 0, 17) | -128 | 127 | 0 | 255 | 0 | 0 | >>7 | -128 | -128 | OK
(0, 0, 0, 18) | -90 | 127 | 38 | 255 | 9690 | 4864 | >>7 | -90 | -90 | OK
(0, 0, 0, 19) | -112 | 127 | 16 | 255 | 4080 | 2048 | >>7 | -112 | -112 | OK
(0, 0, 0, 20) | -95 | 127 | 33 | 255 | 8415 | 4224 | >>7 | -95 | -95 | OK
(0, 0, 0, 21) | -128 | 127 | 0 | 255 | 0 | 0 | >>7 | -128 | -128 | OK
(0, 0, 0, 22) | -79 | 127 | 49 | 255 | 12495 | 6272 | >>7 | -79 | -79 | OK
(0, 0, 0, 23) | -128 | 127 | 0 | 255 | 0 | 0 | >>7 | -128 | -128 | OK
(0, 0, 0, 24) | -14 | 127 | 114 | 255 | 29070 | 14592 | >>7 | -14 | -14 | OK
(0, 0, 0, 25) | -128 | 127 | 0 | 255 | 0 | 0 | >>7 | -128 | -128 | OK
(0, 0, 0, 26) | 9 | 127 | 137 | 255 | 34935 | 17536 | >>7 | 9 | 9 | OK
(0, 0, 0, 27) | -77 | 127 | 51 | 255 | 13005 | 6528 | >>7 | -77 | -77 | OK
(0, 0, 0, 28) | -97 | 127 | 31 | 255 | 7905 | 3968 | >>7 | -97 | -97 | OK
(0, 0, 0, 29) | -128 | 127 | 0 | 255 | 0 | 0 | >>7 | -128 | -128 | OK
(0, 0, 0, 30) | -18 | 127 | 110 | 255 | 28050 | 14080 | >>7 | -18 | -18 | OK
(0, 0, 0, 31) | -93 | 127 | 35 | 255 | 8925 | 4480 | >>7 | -93 | -93 | OK
(0, 0, 0, 32) | -128 | 127 | 0 | 255 | 0 | 0 | >>7 | -128 | -128 | OK
(0, 0, 0, 33) | -128 | 127 | 0 | 255 | 0 | 0 | >>7 | -128 | -128 | OK
(0, 0, 0, 34) | -105 | 127 | 23 | 255 | 5865 | 2944 | >>7 | -105 | -105 | OK
(0, 0, 0, 35) | -94 | 127 | 34 | 255 | 8670 | 4352 | >>7 | -94 | -94 | OK
(0, 0, 0, 36) | -112 | 127 | 16 | 255 | 4080 | 2048 | >>7 | -112 | -112 | OK
(0, 0, 0, 37) | -99 | 127 | 29 | 255 | 7395 | 3712 | >>7 | -99 | -99 | OK
(0, 0, 0, 38) | -128 | 127 | 0 | 255 | 0 | 0 | >>7 | -128 | -128 | OK
(0, 0, 0, 39) | -76 | 127 | 52 | 255 | 13260 | 6656 | >>7 | -76 | -76 | OK
(0, 0, 0, 40) | -108 | 127 | 20 | 255 | 5100 | 2560 | >>7 | -108 | -108 | OK
(0, 0, 0, 41) | -91 | 127 | 37 | 255 | 9435 | 4736 | >>7 | -91 | -91 | OK
(0, 0, 0, 42) | -128 | 127 | 0 | 255 | 0 | 0 | >>7 | -128 | -128 | OK
(0, 0, 0, 43) | -101 | 127 | 27 | 255 | 6885 | 3456 | >>7 | -101 | -101 | OK
(0, 0, 0, 44) | -49 | 127 | 79 | 255 | 20145 | 10112 | >>7 | -49 | -49 | OK
(0, 0, 0, 45) | -63 | 127 | 65 | 255 | 16575 | 8320 | >>7 | -63 | -63 | OK
(0, 0, 0, 46) | -59 | 127 | 69 | 255 | 17595 | 8832 | >>7 | -59 | -59 | OK
(0, 0, 0, 47) | -128 | 127 | 0 | 255 | 0 | 0 | >>7 | -128 | -128 | OK
(0, 0, 0, 48) | -84 | 127 | 44 | 255 | 11220 | 5632 | >>7 | -84 | -84 | OK
(0, 0, 0, 49) | -96 | 127 | 32 | 255 | 8160 | 4096 | >>7 | -96 | -96 | OK
(0, 0, 0, 50) | 21 | 127 | 149 | 255 | 37995 | 19072 | >>7 | 21 | 21 | OK
(0, 0, 0, 51) | -44 | 127 | 84 | 255 | 21420 | 10752 | >>7 | -44 | -44 | OK
(0, 0, 0, 52) | -53 | 127 | 75 | 255 | 19125 | 9600 | >>7 | -53 | -53 | OK
(0, 0, 0, 53) | -117 | 127 | 11 | 255 | 2805 | 1408 | >>7 | -117 | -117 | OK
(0, 0, 0, 54) | -128 | 127 | 0 | 255 | 0 | 0 | >>7 | -128 | -128 | OK
(0, 0, 0, 55) | -36 | 127 | 92 | 255 | 23460 | 11776 | >>7 | -36 | -36 | OK
