MODEL : efficientnetv2_b0_bnless_int8.tflite
OP #232: SHAPE

=== IFM0 ===
name    : build_efficientnetv2_b0_full_bnless/block6f_se_squeeze/Mean
index   : 429
shape   : [1, 1152]
dtype   : <class 'numpy.int8'>
quant   : {'scales': [0.08091190457344055], 'zero_points': [-123], 'axis': 0, 'scale_tuple': 0.08091190457344055, 'zp_tuple': -123}
values(int):
[[-111 -125 -125 -124 -117 -128 -118 -125 -127 -128 -123 -125 -127 -124 -125 -125 -123 -124 -124 -115 -125 -124 -106
  -109 -125 -119 -111 -126 -119 -110 -113 -109 -125 -124 -120 -117 -128 -123 -122 -124 -123 -127 -123 -117 -123 -126
  -127 -126 -126 -125 -124 -126 -128 -128  -98 -109 -124 -128 -125 -116 -126 -123 -128 -124 -116 -124 -123 -126 -124
  -125 -128 -127 -117 -125 -127 -126 -123 -126 -126 -127 -128 -108 -126 -123 -128 -105 -124 -124 -124 -126 -128 -124
  -128 -111 -128 -106 -124 -123 -124 -126 -126 -124 -126 -118 -127 -127 -126 -110 -120 -125 -127 -127 -125 -124 -127
  -102 -123 -126 -126 -105 -114 -122 -122 -119 -121 -111 -125 -126 -107 -125 -106 -125 -120 -127 -126 -109 -116 -125
  -128 -127 -124 -126 -124 -112 -124 -126 -122 -125 -116 -128 -125 -125 -126 -128 -128 -125 -123 -126 -124 -107 -109
  -127 -126 -125 -124 -110 -106 -126 -115 -126 -128 -108 -113 -126 -126 -128 -117 -127 -128 -115 -118 -125 -125 -125
  -125 -126  -99 -121 -128 -126 -128 -123 -123 -115 -126 -124 -123 -127 -126 -123 -125 -121 -124 -127 -122 -126 -125
  -125 -125 -127 -121 -116 -123 -125 -125 -127 -123 -125 -125 -125 -121 -127 -124 -128 -120 -121 -127 -114 -126 -116
  -125 -120 -127 -104 -127 -126 -125 -125 -127 -124 -125 -125 -122 -127 -125 -127 -127 -125 -126 -126 -125 -124 -113
  -122 -125 -124 -110 -125 -126 -109 -125 -124 -125 -122 -124 -126 -127 -117 -119 -109 -119 -125 -116 -126 -123 -125
  -123 -126 -126 -125 -124 -125 -127  -85 -127 -128 -125 -115 -127 -123 -126 -124 -124 -122 -123 -126 -125 -124 -125
  -114 -126 -127 -125 -113 -127 -114 -125 -128 -118 -126 -114 -103 -126 -108 -125 -123 -125 -124 -125 -128 -108 -125
  -127 -109 -126 -125 -121 -128 -124 -116 -119 -113 -125 -127 -120 -127 -103 -118 -124 -126 -111 -126 -125 -123 -124
  -124 -125 -124 -124 -128 -125 -124 -126 -124 -127 -128 -119 -114 -124 -112 -125 -124 -127 -125 -127 -124 -117 -110
  -122 -126 -124 -125 -126 -128 -125 -124 -125 -126 -128 -128 -128 -127 -118 -126 -127 -123 -126 -124 -126 -126 -125
  -109 -111 -117 -119 -126 -125 -128 -106 -110 -124 -118 -124 -127 -125 -128 -120 -124 -108 -126 -118 -126 -126 -126
  -124 -123 -126 -105 -105 -111 -126 -126 -126 -126 -123 -105 -125 -123 -112 -110 -128 -105 -123 -105 -108 -125 -108
  -111 -112 -125 -126 -126 -124 -109 -123 -124 -113 -127 -119 -112 -119 -125 -123 -112 -105 -125 -124 -127 -117 -123
  -117 -126 -125 -121 -125 -114 -124 -116 -115 -125 -125 -127 -111 -124 -128 -120 -127 -124 -112 -127 -125 -125 -124
  -124 -121 -124 -125 -127 -116 -122 -128 -127 -128 -123 -123 -117 -128 -123 -124 -114 -125 -123 -126 -109 -104 -121
  -115 -108 -118 -126 -123 -119 -123 -121 -126 -125 -123 -124 -125 -124 -121 -126 -126 -127 -124 -125 -126 -128 -124
  -126 -106 -126 -127 -124 -113 -125 -127 -125 -124 -114 -125 -124 -126 -121 -112 -125 -122 -124 -127 -108 -127 -128
  -114 -117 -127 -125 -126 -128 -127 -123 -118 -125 -122 -124 -127 -123 -122 -120 -127 -128 -124 -128 -125 -118 -126
  -109 -126 -126 -126 -126 -101 -124 -128 -124 -121 -109 -124 -110 -120 -125 -127 -127 -105 -113 -125 -126 -124 -125
  -121 -124 -125 -125 -119 -122 -110 -125 -120 -122 -123 -126 -112 -124 -118 -124 -124 -124 -124 -126 -118 -126 -127
  -128 -128 -128 -126 -126 -128 -125 -126 -127 -126 -124 -122 -125 -125 -126 -123 -124 -113 -122 -128 -124 -124 -125
  -125 -116 -126 -125 -121 -123 -128  -84 -108 -124 -126 -113 -111 -124 -126 -125 -124 -110 -122 -109 -127 -126 -116
  -125 -122 -127 -123 -128 -124 -124 -126 -127 -128 -126 -125 -127 -127 -128 -123 -125 -122 -121 -122 -128 -108 -115
  -124 -125 -105 -125 -115 -128 -125 -128 -121 -113 -122 -110 -119 -122 -127 -126 -122 -125 -126 -124 -124  -96 -124
  -125 -124 -125 -117 -124 -125 -126 -121 -128 -115 -127 -127 -127 -127 -114 -128 -114 -109 -126 -128 -127 -126 -112
  -125 -123 -126 -124 -124 -101 -127 -113 -125 -126 -124 -127 -127 -110 -128 -127 -126 -119 -120 -111 -124 -127 -115
  -126 -118 -108 -124 -125 -124 -126 -124 -125 -118 -121 -126 -126 -125 -120 -125 -124 -126 -123 -109 -110 -124 -126
  -125 -126 -127 -125 -122 -125 -124 -126 -125 -126 -125 -125 -108 -126 -125 -124 -123 -125 -119 -114 -126 -124 -125
  -127 -125 -126 -125 -123 -126 -108 -128 -124 -128 -115 -126 -126 -121  -99 -113 -126 -125 -123 -127 -125 -120 -127
  -106 -128 -127 -125 -117 -119 -126 -122 -128 -124 -125 -127 -121 -127 -113 -124 -113 -107 -124 -127 -109 -128 -125
  -128 -125 -126 -126 -121 -127 -125 -124 -113 -128 -114 -127 -117 -125 -128 -124 -128 -124 -125 -116 -117 -111 -113
  -116 -118 -110 -125 -122 -126 -115 -126 -128 -127 -128 -126 -118 -126 -109 -105 -127 -127 -124 -125 -125 -124 -124
  -125 -126 -121 -128 -118 -123 -127 -126 -125 -127 -123 -113 -125 -100 -126 -127 -123 -124 -125 -126 -104 -123 -117
  -127 -125 -120 -125 -117 -128 -122 -126 -120 -126 -126 -126 -122 -124 -124 -124 -125 -125 -125 -123 -110 -121 -127
  -125 -125 -118 -125 -122 -125 -114 -113 -124 -126 -124 -124 -128 -128 -103 -122 -126 -118 -126 -128 -125 -120 -127
  -123 -125 -127 -124 -125 -124 -125 -127 -125 -128 -127 -128 -123 -125 -126 -128 -128 -127 -123 -120 -128 -128 -126
  -124 -124 -108 -124 -109 -128 -125 -116 -124 -125 -112 -122 -119 -125 -116 -116 -124 -127 -124 -126 -125 -124 -113
  -124 -124 -126 -128 -124 -128 -122 -128 -124 -126 -125 -126 -124 -125 -125 -121 -124 -125 -128 -125 -128 -126 -125
  -117 -127 -124 -127 -121 -116 -128 -124 -128 -123 -111 -125 -125 -128 -118 -112 -126 -125 -124 -114 -121 -109 -126
  -124 -125 -125 -127 -122 -127 -125 -122 -128 -124  -93 -126 -127 -128 -108 -125 -127 -126 -125 -125 -117 -126 -125
  -117 -119 -127 -126 -122 -125 -122 -127 -125 -127 -123 -119 -120 -124 -125 -125 -124 -126 -125 -128 -110 -126 -126
  -113 -113 -124 -127 -123 -118 -128 -127 -123 -125 -123 -125 -113 -128 -123 -109 -124 -125 -108 -127 -112 -125 -125
  -125 -117 -125 -114 -122 -125 -106 -125 -125 -125 -113 -127 -109 -125 -126 -126 -127 -126 -124 -126 -126 -104 -125
  -126 -126]]

=== IFM1 ===
N/A

=== BIAS ===
N/A

=== OFM ===
name    : build_efficientnetv2_b0_full_bnless/block6f_se_reshape/Shape
index   : 430
shape   : [2]
dtype   : <class 'numpy.int32'>
quant   : {'scales': [], 'zero_points': [], 'axis': 0, 'scale_tuple': 0.0, 'zp_tuple': 0}
values(int):
[   1 1152]
