MODEL : efficientnetv2_b0_bnless_int8.tflite
OP #239: MUL

=== INPUT0 ===
name    : build_efficientnetv2_b0_full_bnless/block6f_se_expand/Relu6;build_efficientnetv2_b0_full_bnless/block6f_se_expand/add;build_efficientnetv2_b0_full_bnless/block6f_se_expand/BiasAdd/ReadVariableOp;build_efficientnetv2_b0_full_bnless/block6f_se_expand/BiasAdd;build_efficientnetv2_b0_full_bnless/block6h_se_expand/Conv2D;build_efficientnetv2_b0_full_bnless/block6f_se_expand/Conv2D;build_efficientnetv2_b0_full_bnless/block1a_project_activation/add/y1
index   : 436
shape   : [1, 1, 1, 1152]
dtype   : <class 'numpy.int8'>
quant   : {'scales': [0.0235294122248888], 'zero_points': [-128], 'axis': 0, 'scale_tuple': 0.0235294122248888, 'zp_tuple': -128}
values(int):
[[[[ -80 -111 -128  -99  -70  -91  -54 -128  -77 -106  -86 -102  -91 -128 -125  -53 -127 -124 -128  -35 -128 -128
     -52 -115 -128 -128  -91 -107  -90  -90 -109  -54 -110  -82 -124  -40 -128  -68  -96 -105 -110  -78 -124   34
     -65  -62 -115 -128 -104 -112  -94  -99  -52  -74  -91  -67 -128 -100 -128  -72  -66 -128    5 -128 -127  -62
     -37  -53  -91 -124 -124 -128   38  -84  -86 -111 -128 -123  -78 -107 -109  -85  -32  -68 -128  -65 -113 -121
     -80 -105 -104  -99 -128  -96  -13 -128 -128 -128 -110  -57  -66 -128 -118  -24  -79 -128 -120  -71  -73 -108
     -44 -128  -31  -82 -108  -58 -101  -90 -128 -126 -116  -81 -116 -124  -63  -78 -128 -128 -128 -128 -125 -101
    -128  -77 -125  -65  -98  -93 -117 -128 -105 -107 -128  -78 -114 -104  -56 -119 -114  -71  -91 -103 -105  -78
     -96  -79  -86 -118  -95  -52   80 -128  -60 -118  -91  -66  -89 -107 -107 -111  -57   15 -128  -74  -93  -95
    -110  -80  -91   10 -128 -116  -99 -106 -128 -128 -119 -128 -117 -128  -63  -62  -50 -112  -30 -128  -59 -128
    -102 -109  -92  -96 -124 -128  -65  -73  -94 -128  -98  -64 -128  -98   -3  -96 -128 -128 -106  -80 -128 -115
     -65  -72  -70  -46  -24 -117 -128 -128  -95  -96 -128 -128 -118  -94 -128 -121 -113 -111 -128 -128  -81  -51
     -89  -93  -35 -125 -128  -82 -128 -128  -77  -84  -90 -104 -117 -108 -128 -118  -76  -89 -128 -128 -128 -125
     -58 -108 -108 -105 -128  -83 -128  -77 -100 -113  -86 -113 -121  -80  -67    4  -59 -110 -106 -117  -90  -73
    -128 -110  -58 -118 -110 -128  -73  -96  -66 -128  -92 -128  -73 -112 -128  -98 -128  -79  -48 -128  -97  -81
     -55  -91 -128  -40 -122  -91  -55 -108 -128 -108  -46  -96 -128   -3 -126 -100  -62  -55   34  -63  -67 -113
    -119 -105  -80 -128  -99  -88  -85 -115 -128  -57  -48 -106 -126 -118 -127  -66 -128  -96  -85 -105 -128  -89
     -57 -128 -124 -128   -8  -70 -120 -128 -117  -86 -128 -120  -74  -95 -128  -80  -99 -104  -64  -55 -128 -106
     -81 -128  -37 -104 -128 -128  -44 -110  -98  -54  -90 -119  -78 -128 -111  -17  -92 -110 -128 -128 -128  -97
    -107 -128 -107  -77  -83  -74  -95  -45 -128 -128 -117 -128  -94 -110 -121 -128 -126 -115  -64 -110  -78 -128
     -96  -97  -74 -119 -123 -114 -128  -87 -128 -128  -40 -120 -120 -128  -20  -98 -125 -128  -78 -111  -56  -12
    -101  -84  -72 -128  -96  -89  -57  -78  -13  -59 -128  -75  -80  -60 -100  -76 -102  -76   73 -128 -128 -128
    -104  -80  -84  -52  -97  -32  -84  -84 -128  -77  127  -52  -93 -128  -88  -82   14 -101  -87 -116  -97  -80
    -105 -107  -85  -46 -128 -128 -102  -92 -105 -106 -102 -128 -128 -128   27 -126  -50  -74 -128 -113 -128   -1
    -128 -128  -68  -96  -71 -108  -86  -69  -83  -87  -99 -100 -109 -115  -49  -66  -77 -128  -87 -123 -128 -100
     -32 -128 -128  -67  -77  -84  -66 -128 -126  -83  -85 -111  -67 -128  -74 -128  -68  -84  -86 -109  -93  -90
     -74 -112  -38  127  -78  -69 -111 -128  -87 -128 -114 -128 -101 -119  -87  -97  -82  -46 -109  -94 -128 -106
    -128  -57  -82  -53  -80 -128 -100  -86  -57 -104   -5 -128  -29  -72 -128   -1  -82 -109  -76 -122  -98 -117
    -128  -87  -91  -85  -33 -128  -89 -128 -124 -121 -128  -65  -43 -128  -70  -51  -73 -128 -128 -115  -76 -128
     -99 -128  -99  -80  -94 -108  -56 -105 -128 -108 -127 -128  -89 -128 -128  -89 -107 -128  -81  -68  -16   -2
    -100 -128  -79 -102 -126 -115 -115  -58 -128  -77 -128   -8  -89  -61 -109 -122  -74  -99 -128  -63  -77 -115
     -92 -100  -79 -128 -116  -88  -83 -117 -128 -128    7 -128 -128 -124  -65 -120 -116  -85 -128  -94 -104  -33
    -128 -127 -110  -35  -79  -98 -128  -92  -72 -128  -82 -127  -87 -102 -128  -71  -66 -128  -89  -82 -128 -128
     -75 -112 -100 -128  -76 -123 -128 -128  -88  -57 -110 -105 -120 -128  -81 -128 -103 -128  -58  -31 -128  -46
     -87  -69 -124 -100 -128  -67 -126 -128 -116  -67  -44  -65  -85  -80  -99  -83 -128  -75  -88  -70 -128 -128
    -128  -71  -50 -106 -115 -124  -46  -85 -100  -91 -112 -128 -128  -80  -65 -120 -113  -82  -56 -102  -63  -14
    -128  -11  -77  -79  -92 -128 -102 -115  -55  -41 -115  -48  -98 -117  -76 -102 -128    0  -61 -104  -88 -105
    -128  -46  -97  -96 -127  -38   22 -128 -110 -127 -128  -96  -87 -128 -128  -70 -120 -128 -128 -106 -128  -83
     -45  -73 -128 -128  -64 -107  -95  -86  -96 -106  -92  -76 -107 -117 -102 -124 -128 -128 -106 -128  -71  -97
     -83  -36  -68 -128 -107  -55  -16  -88  -79 -123 -114 -122  -71  -70  -98 -103  -62  -93  -72  -42  -95  -94
     -43  -70  -70 -128  -90  -51  -85  -58  -76  -76 -128  -86 -128   -2 -128  -73   23 -123 -128  -60 -128    2
     -83  -45 -128  -80  -70 -128 -128 -122  -51 -120 -105 -125 -128  -73  -86  -89 -128 -128  -86  -66 -114 -128
    -127  -83 -107  -79 -127  -90 -128 -121 -101 -128 -125 -128  -96  -75  -53 -128 -119 -123  -99  -67 -116 -111
    -112  -36  -44 -128 -126  -88 -111  -84  -89 -128 -128 -128 -128 -115  -82  -99 -110  -97  -98  -74 -128 -128
     -95 -116 -112 -128  -65  -72 -106  -49  -90  -87 -115 -102  -72 -125  -81 -101 -128 -100  -94  -93 -128  -79
    -128  -95 -109  -90  -55 -101 -128  -50  -39 -128  -68  -48  -31 -102 -109 -108 -116  -97 -128 -128 -128  -78
     -93  -54  -79  -38  -93  -85  -43 -128  -34 -128  -80 -128 -128  -85 -113 -122 -121  -71  -77 -128  -66 -126
     -93 -128  -81  -35 -128  -33  -92  -85  -96 -118 -128 -115  -79  -84 -128  -82  -72 -128 -103 -128 -128  -66
     -99    5 -128  -70  -69 -106 -106 -103  -42  -50  -70  -85 -128  -99 -111  -35  -56 -118  -69 -128  -62 -111
      29 -117  -92  -60 -102  -75 -105  -94 -111  -52 -113  -91 -128  -87 -108  -70 -113 -102  -57 -128  -52  -95
    -101 -122  -68 -116  -65 -128 -112 -102  -91 -128 -108 -110 -128 -115  -71 -128  -87  -74  -87 -128 -123 -128
    -128  -77 -107  -33  -73  -88  -84 -128  -65 -128  -73  -64  -76  -89   16  -65 -120 -128 -114 -107  -30 -128
     -87  -88 -128 -116 -103  -73 -128  -98  -80  -81 -113 -116 -128 -111 -128  -21 -128 -121 -124  -59  -86  -66
     -46 -128 -128  -79 -128  -66 -128 -116]]]]

=== INPUT1 ===
name    : build_efficientnetv2_b0_full_bnless/block2a_expand_activation/truediv;build_efficientnetv2_b0_full_bnless/block1a_project_activation/truediv/y
index   : 166
shape   : []
dtype   : <class 'numpy.int8'>
quant   : {'scales': [0.0006535947904922068], 'zero_points': [-128], 'axis': 0, 'scale_tuple': 0.0006535947904922068, 'zp_tuple': -128}
values(int):
127

=== OFM ===
name    : build_efficientnetv2_b0_full_bnless/block6f_se_expand/truediv;build_efficientnetv2_b0_full_bnless/block1a_project_activation/truediv/y
index   : 437
shape   : [1, 1, 1, 1152]
dtype   : <class 'numpy.int8'>
quant   : {'scales': [0.003921568859368563], 'zero_points': [-128], 'axis': 0, 'scale_tuple': 0.003921568859368563, 'zp_tuple': -128}
values(int):
[[[[ -80 -111 -128  -99  -70  -91  -54 -128  -77 -106  -86 -102  -91 -128 -125  -53 -127 -124 -128  -35 -128 -128
     -52 -115 -128 -128  -91 -107  -90  -90 -109  -54 -110  -82 -124  -40 -128  -68  -96 -105 -110  -78 -124   34
     -65  -62 -115 -128 -104 -112  -94  -99  -52  -74  -91  -67 -128 -100 -128  -72  -66 -128    5 -128 -127  -62
     -37  -53  -91 -124 -124 -128   38  -84  -86 -111 -128 -123  -78 -107 -109  -85  -32  -68 -128  -65 -113 -121
     -80 -105 -104  -99 -128  -96  -13 -128 -128 -128 -110  -57  -66 -128 -118  -24  -79 -128 -120  -71  -73 -108
     -44 -128  -31  -82 -108  -58 -101  -90 -128 -126 -116  -81 -116 -124  -63  -78 -128 -128 -128 -128 -125 -101
    -128  -77 -125  -65  -98  -93 -117 -128 -105 -107 -128  -78 -114 -104  -56 -119 -114  -71  -91 -103 -105  -78
     -96  -79  -86 -118  -95  -52   80 -128  -60 -118  -91  -66  -89 -107 -107 -111  -57   15 -128  -74  -93  -95
    -110  -80  -91   10 -128 -116  -99 -106 -128 -128 -119 -128 -117 -128  -63  -62  -50 -112  -30 -128  -59 -128
    -102 -109  -92  -96 -124 -128  -65  -73  -94 -128  -98  -64 -128  -98   -3  -96 -128 -128 -106  -80 -128 -115
     -65  -72  -70  -46  -24 -117 -128 -128  -95  -96 -128 -128 -118  -94 -128 -121 -113 -111 -128 -128  -81  -51
     -89  -93  -35 -125 -128  -82 -128 -128  -77  -84  -90 -104 -117 -108 -128 -118  -76  -89 -128 -128 -128 -125
     -58 -108 -108 -105 -128  -83 -128  -77 -100 -113  -86 -113 -121  -80  -67    4  -59 -110 -106 -117  -90  -73
    -128 -110  -58 -118 -110 -128  -73  -96  -66 -128  -92 -128  -73 -112 -128  -98 -128  -79  -48 -128  -97  -81
     -55  -91 -128  -40 -122  -91  -55 -108 -128 -108  -46  -96 -128   -3 -126 -100  -62  -55   34  -63  -67 -113
    -119 -105  -80 -128  -99  -88  -85 -115 -128  -57  -48 -106 -126 -118 -127  -66 -128  -96  -85 -105 -128  -89
     -57 -128 -124 -128   -8  -70 -120 -128 -117  -86 -128 -120  -74  -95 -128  -80  -99 -104  -64  -55 -128 -106
     -81 -128  -37 -104 -128 -128  -44 -110  -98  -54  -90 -119  -78 -128 -111  -17  -92 -110 -128 -128 -128  -97
    -107 -128 -107  -77  -83  -74  -95  -45 -128 -128 -117 -128  -94 -110 -121 -128 -126 -115  -64 -110  -78 -128
     -96  -97  -74 -119 -123 -114 -128  -87 -128 -128  -40 -120 -120 -128  -20  -98 -125 -128  -78 -111  -56  -12
    -101  -84  -72 -128  -96  -89  -57  -78  -13  -59 -128  -75  -80  -60 -100  -76 -102  -76   73 -128 -128 -128
    -104  -80  -84  -52  -97  -32  -84  -84 -128  -77  127  -52  -93 -128  -88  -82   14 -101  -87 -116  -97  -80
    -105 -107  -85  -46 -128 -128 -102  -92 -105 -106 -102 -128 -128 -128   27 -126  -50  -74 -128 -113 -128   -1
    -128 -128  -68  -96  -71 -108  -86  -69  -83  -87  -99 -100 -109 -115  -49  -66  -77 -128  -87 -123 -128 -100
     -32 -128 -128  -67  -77  -84  -66 -128 -126  -83  -85 -111  -67 -128  -74 -128  -68  -84  -86 -109  -93  -90
     -74 -112  -38  127  -78  -69 -111 -128  -87 -128 -114 -128 -101 -119  -87  -97  -82  -46 -109  -94 -128 -106
    -128  -57  -82  -53  -80 -128 -100  -86  -57 -104   -5 -128  -29  -72 -128   -1  -82 -109  -76 -122  -98 -117
    -128  -87  -91  -85  -33 -128  -89 -128 -124 -121 -128  -65  -43 -128  -70  -51  -73 -128 -128 -115  -76 -128
     -99 -128  -99  -80  -94 -108  -56 -105 -128 -108 -127 -128  -89 -128 -128  -89 -107 -128  -81  -68  -16   -2
    -100 -128  -79 -102 -126 -115 -115  -58 -128  -77 -128   -8  -89  -61 -109 -122  -74  -99 -128  -63  -77 -115
     -92 -100  -79 -128 -116  -88  -83 -117 -128 -128    7 -128 -128 -124  -65 -120 -116  -85 -128  -94 -104  -33
    -128 -127 -110  -35  -79  -98 -128  -92  -72 -128  -82 -127  -87 -102 -128  -71  -66 -128  -89  -82 -128 -128
     -75 -112 -100 -128  -76 -123 -128 -128  -88  -57 -110 -105 -120 -128  -81 -128 -103 -128  -58  -31 -128  -46
     -87  -69 -124 -100 -128  -67 -126 -128 -116  -67  -44  -65  -85  -80  -99  -83 -128  -75  -88  -70 -128 -128
    -128  -71  -50 -106 -115 -124  -46  -85 -100  -91 -112 -128 -128  -80  -65 -120 -113  -82  -56 -102  -63  -14
    -128  -11  -77  -79  -92 -128 -102 -115  -55  -41 -115  -48  -98 -117  -76 -102 -128    0  -61 -104  -88 -105
    -128  -46  -97  -96 -127  -38   22 -128 -110 -127 -128  -96  -87 -128 -128  -70 -120 -128 -128 -106 -128  -83
     -45  -73 -128 -128  -64 -107  -95  -86  -96 -106  -92  -76 -107 -117 -102 -124 -128 -128 -106 -128  -71  -97
     -83  -36  -68 -128 -107  -55  -16  -88  -79 -123 -114 -122  -71  -70  -98 -103  -62  -93  -72  -42  -95  -94
     -43  -70  -70 -128  -90  -51  -85  -58  -76  -76 -128  -86 -128   -2 -128  -73   23 -123 -128  -60 -128    2
     -83  -45 -128  -80  -70 -128 -128 -122  -51 -120 -105 -125 -128  -73  -86  -89 -128 -128  -86  -66 -114 -128
    -127  -83 -107  -79 -127  -90 -128 -121 -101 -128 -125 -128  -96  -75  -53 -128 -119 -123  -99  -67 -116 -111
    -112  -36  -44 -128 -126  -88 -111  -84  -89 -128 -128 -128 -128 -115  -82  -99 -110  -97  -98  -74 -128 -128
     -95 -116 -112 -128  -65  -72 -106  -49  -90  -87 -115 -102  -72 -125  -81 -101 -128 -100  -94  -93 -128  -79
    -128  -95 -109  -90  -55 -101 -128  -50  -39 -128  -68  -48  -31 -102 -109 -108 -116  -97 -128 -128 -128  -78
     -93  -54  -79  -38  -93  -85  -43 -128  -34 -128  -80 -128 -128  -85 -113 -122 -121  -71  -77 -128  -66 -126
     -93 -128  -81  -35 -128  -33  -92  -85  -96 -118 -128 -115  -79  -84 -128  -82  -72 -128 -103 -128 -128  -66
     -99    5 -128  -70  -69 -106 -106 -103  -42  -50  -70  -85 -128  -99 -111  -35  -56 -118  -69 -128  -62 -111
      29 -117  -92  -60 -102  -75 -105  -94 -111  -52 -113  -91 -128  -87 -108  -70 -113 -102  -57 -128  -52  -95
    -101 -122  -68 -116  -65 -128 -112 -102  -91 -128 -108 -110 -128 -115  -71 -128  -87  -74  -87 -128 -123 -128
    -128  -77 -107  -33  -73  -88  -84 -128  -65 -128  -73  -64  -76  -89   16  -65 -120 -128 -114 -107  -30 -128
     -87  -88 -128 -116 -103  -73 -128  -98  -80  -81 -113 -116 -128 -111 -128  -21 -128 -121 -124  -59  -86  -66
     -46 -128 -128  -79 -128  -66 -128 -116]]]]

--- VERIFY MUL (elementwise) ---
real_mult=(s_x*s_y)/s_z=0.00392156858773 -> M=1077952565, n=7
idx | x | y | (x-zpx) | (y-zpy) | prod | SRDHM(prod,M) | Rshift | y_calc | y_ref | match
(0, 0, 0, 0) | -80 | 127 | 48 | 255 | 12240 | 6144 | >>7 | -80 | -80 | OK
(0, 0, 0, 1) | -111 | 127 | 17 | 255 | 4335 | 2176 | >>7 | -111 | -111 | OK
(0, 0, 0, 2) | -128 | 127 | 0 | 255 | 0 | 0 | >>7 | -128 | -128 | OK
(0, 0, 0, 3) | -99 | 127 | 29 | 255 | 7395 | 3712 | >>7 | -99 | -99 | OK
(0, 0, 0, 4) | -70 | 127 | 58 | 255 | 14790 | 7424 | >>7 | -70 | -70 | OK
(0, 0, 0, 5) | -91 | 127 | 37 | 255 | 9435 | 4736 | >>7 | -91 | -91 | OK
(0, 0, 0, 6) | -54 | 127 | 74 | 255 | 18870 | 9472 | >>7 | -54 | -54 | OK
(0, 0, 0, 7) | -128 | 127 | 0 | 255 | 0 | 0 | >>7 | -128 | -128 | OK
(0, 0, 0, 0) | -80 | 127 | 48 | 255 | 12240 | 6144 | >>7 | -80 | -80 | OK
(0, 0, 0, 1) | -111 | 127 | 17 | 255 | 4335 | 2176 | >>7 | -111 | -111 | OK
(0, 0, 0, 2) | -128 | 127 | 0 | 255 | 0 | 0 | >>7 | -128 | -128 | OK
(0, 0, 0, 3) | -99 | 127 | 29 | 255 | 7395 | 3712 | >>7 | -99 | -99 | OK
(0, 0, 0, 4) | -70 | 127 | 58 | 255 | 14790 | 7424 | >>7 | -70 | -70 | OK
(0, 0, 0, 5) | -91 | 127 | 37 | 255 | 9435 | 4736 | >>7 | -91 | -91 | OK
(0, 0, 0, 6) | -54 | 127 | 74 | 255 | 18870 | 9472 | >>7 | -54 | -54 | OK
(0, 0, 0, 7) | -128 | 127 | 0 | 255 | 0 | 0 | >>7 | -128 | -128 | OK
(0, 0, 0, 8) | -77 | 127 | 51 | 255 | 13005 | 6528 | >>7 | -77 | -77 | OK
(0, 0, 0, 9) | -106 | 127 | 22 | 255 | 5610 | 2816 | >>7 | -106 | -106 | OK
(0, 0, 0, 10) | -86 | 127 | 42 | 255 | 10710 | 5376 | >>7 | -86 | -86 | OK
(0, 0, 0, 11) | -102 | 127 | 26 | 255 | 6630 | 3328 | >>7 | -102 | -102 | OK
(0, 0, 0, 12) | -91 | 127 | 37 | 255 | 9435 | 4736 | >>7 | -91 | -91 | OK
(0, 0, 0, 13) | -128 | 127 | 0 | 255 | 0 | 0 | >>7 | -128 | -128 | OK
(0, 0, 0, 14) | -125 | 127 | 3 | 255 | 765 | 384 | >>7 | -125 | -125 | OK
(0, 0, 0, 15) | -53 | 127 | 75 | 255 | 19125 | 9600 | >>7 | -53 | -53 | OK
(0, 0, 0, 16) | -127 | 127 | 1 | 255 | 255 | 128 | >>7 | -127 | -127 | OK
(0, 0, 0, 17) | -124 | 127 | 4 | 255 | 1020 | 512 | >>7 | -124 | -124 | OK
(0, 0, 0, 18) | -128 | 127 | 0 | 255 | 0 | 0 | >>7 | -128 | -128 | OK
(0, 0, 0, 19) | -35 | 127 | 93 | 255 | 23715 | 11904 | >>7 | -35 | -35 | OK
(0, 0, 0, 20) | -128 | 127 | 0 | 255 | 0 | 0 | >>7 | -128 | -128 | OK
(0, 0, 0, 21) | -128 | 127 | 0 | 255 | 0 | 0 | >>7 | -128 | -128 | OK
(0, 0, 0, 22) | -52 | 127 | 76 | 255 | 19380 | 9728 | >>7 | -52 | -52 | OK
(0, 0, 0, 23) | -115 | 127 | 13 | 255 | 3315 | 1664 | >>7 | -115 | -115 | OK
(0, 0, 0, 24) | -128 | 127 | 0 | 255 | 0 | 0 | >>7 | -128 | -128 | OK
(0, 0, 0, 25) | -128 | 127 | 0 | 255 | 0 | 0 | >>7 | -128 | -128 | OK
(0, 0, 0, 26) | -91 | 127 | 37 | 255 | 9435 | 4736 | >>7 | -91 | -91 | OK
(0, 0, 0, 27) | -107 | 127 | 21 | 255 | 5355 | 2688 | >>7 | -107 | -107 | OK
(0, 0, 0, 28) | -90 | 127 | 38 | 255 | 9690 | 4864 | >>7 | -90 | -90 | OK
(0, 0, 0, 29) | -90 | 127 | 38 | 255 | 9690 | 4864 | >>7 | -90 | -90 | OK
(0, 0, 0, 30) | -109 | 127 | 19 | 255 | 4845 | 2432 | >>7 | -109 | -109 | OK
(0, 0, 0, 31) | -54 | 127 | 74 | 255 | 18870 | 9472 | >>7 | -54 | -54 | OK
(0, 0, 0, 32) | -110 | 127 | 18 | 255 | 4590 | 2304 | >>7 | -110 | -110 | OK
(0, 0, 0, 33) | -82 | 127 | 46 | 255 | 11730 | 5888 | >>7 | -82 | -82 | OK
(0, 0, 0, 34) | -124 | 127 | 4 | 255 | 1020 | 512 | >>7 | -124 | -124 | OK
(0, 0, 0, 35) | -40 | 127 | 88 | 255 | 22440 | 11264 | >>7 | -40 | -40 | OK
(0, 0, 0, 36) | -128 | 127 | 0 | 255 | 0 | 0 | >>7 | -128 | -128 | OK
(0, 0, 0, 37) | -68 | 127 | 60 | 255 | 15300 | 7680 | >>7 | -68 | -68 | OK
(0, 0, 0, 38) | -96 | 127 | 32 | 255 | 8160 | 4096 | >>7 | -96 | -96 | OK
(0, 0, 0, 39) | -105 | 127 | 23 | 255 | 5865 | 2944 | >>7 | -105 | -105 | OK
(0, 0, 0, 40) | -110 | 127 | 18 | 255 | 4590 | 2304 | >>7 | -110 | -110 | OK
(0, 0, 0, 41) | -78 | 127 | 50 | 255 | 12750 | 6400 | >>7 | -78 | -78 | OK
(0, 0, 0, 42) | -124 | 127 | 4 | 255 | 1020 | 512 | >>7 | -124 | -124 | OK
(0, 0, 0, 43) | 34 | 127 | 162 | 255 | 41310 | 20736 | >>7 | 34 | 34 | OK
(0, 0, 0, 44) | -65 | 127 | 63 | 255 | 16065 | 8064 | >>7 | -65 | -65 | OK
(0, 0, 0, 45) | -62 | 127 | 66 | 255 | 16830 | 8448 | >>7 | -62 | -62 | OK
(0, 0, 0, 46) | -115 | 127 | 13 | 255 | 3315 | 1664 | >>7 | -115 | -115 | OK
(0, 0, 0, 47) | -128 | 127 | 0 | 255 | 0 | 0 | >>7 | -128 | -128 | OK
(0, 0, 0, 48) | -104 | 127 | 24 | 255 | 6120 | 3072 | >>7 | -104 | -104 | OK
(0, 0, 0, 49) | -112 | 127 | 16 | 255 | 4080 | 2048 | >>7 | -112 | -112 | OK
(0, 0, 0, 50) | -94 | 127 | 34 | 255 | 8670 | 4352 | >>7 | -94 | -94 | OK
(0, 0, 0, 51) | -99 | 127 | 29 | 255 | 7395 | 3712 | >>7 | -99 | -99 | OK
(0, 0, 0, 52) | -52 | 127 | 76 | 255 | 19380 | 9728 | >>7 | -52 | -52 | OK
(0, 0, 0, 53) | -74 | 127 | 54 | 255 | 13770 | 6912 | >>7 | -74 | -74 | OK
(0, 0, 0, 54) | -91 | 127 | 37 | 255 | 9435 | 4736 | >>7 | -91 | -91 | OK
(0, 0, 0, 55) | -67 | 127 | 61 | 255 | 15555 | 7808 | >>7 | -67 | -67 | OK
