MODEL : efficientnetv2_b0_bnless_int8.tflite
OP #255: MUL

=== INPUT0 ===
name    : build_efficientnetv2_b0_full_bnless/block6g_se_expand/Relu6;build_efficientnetv2_b0_full_bnless/block6g_se_expand/add;build_efficientnetv2_b0_full_bnless/block6g_se_expand/BiasAdd/ReadVariableOp;build_efficientnetv2_b0_full_bnless/block6g_se_expand/BiasAdd;build_efficientnetv2_b0_full_bnless/block6h_se_expand/Conv2D;build_efficientnetv2_b0_full_bnless/block6g_se_expand/Conv2D;build_efficientnetv2_b0_full_bnless/block1a_project_activation/add/y1
index   : 452
shape   : [1, 1, 1, 1152]
dtype   : <class 'numpy.int8'>
quant   : {'scales': [0.0235294122248888], 'zero_points': [-128], 'axis': 0, 'scale_tuple': 0.0235294122248888, 'zp_tuple': -128}
values(int):
[[[[-128  -82 -103  -82 -128  -49  -60  -96  -71  -70  -93 -128  -57 -113 -116 -128 -115 -128 -116  -54 -105  -96
     -71 -112 -110 -116 -114 -114  -91  -78 -100  -62  -98 -114  -91 -112 -128 -128 -120 -128   28  -70 -100  -83
     -89  -85 -117  -96  -71  -97 -128  -86 -115  -92  -40  -80 -128  -68  -59 -115 -116  -84  -62 -128 -128 -115
    -128 -109 -108  -89  -99 -110  -89 -116  -74  -64 -123  -78 -105 -113  -84  -54  -63  -88  -71  -71 -114 -102
    -128  -83  -68  -62  -80 -128  -97  -74  -89 -112 -128 -128  -66   28 -128  -91    9  -27  -76 -103  -59  -54
     -39 -128  -88 -104 -105 -128 -101  -88  -65 -120  -85  -95 -118 -121  -55 -128  -93  -99 -128 -128 -112  -56
     -93 -128 -128  -74 -112 -105 -113  -78  127  -73  -53  -52 -103  -98  -70  -97 -128 -128  -41 -104  -69 -128
    -122 -106  -97  -91 -117  -70  -97 -109  -97  -99 -124 -121 -121 -125 -128 -122 -128 -103  -85 -100 -128 -114
     -81 -120 -106  -83 -128 -128 -119 -108 -128 -128 -128  -70 -112   -9 -121  -91  -82  -64  -49  -93  -46 -128
     -39  -87 -128  -77 -128 -128 -124  -81 -113 -102 -121  -69 -128 -109 -128 -110  -43 -125 -128 -128  -81 -107
    -117  -95  -35  -43  -91 -127  -69  -70  -86 -128 -106 -124 -128  -71  -77  -75  -88 -112 -128  -93  -58 -122
    -100  -51 -128  -31 -128 -128  -49  -63 -112  -31  -63  -79  -88 -115 -128  -90 -101  -99  -83 -128 -128 -104
     -96 -128  -78  -82 -108 -128 -113 -107 -116  -65 -110  -95 -113  -86 -106 -111 -127  -93  -78  -77  -91  -99
     -79 -128 -128  -51  -82 -105  -93 -107  -90  -95 -128 -105  -79 -127 -126 -121  -86  -90 -128 -128 -128  -92
    -128  -73  -76 -115 -125 -127 -128 -128  -99  -73  -92 -126 -110 -122 -128 -128 -128 -104  127  -73 -107 -128
     -82  -61 -128 -110  -96 -119  -93 -124 -128 -111  -73 -101    2  -68  -74 -114 -114  -54  -92  -81  -62  -51
    -119  -84 -112 -102  -99 -116 -105  -73 -128 -121 -117 -111 -126  -99 -116  -94  -91 -111 -100 -128  -88 -128
    -104   59 -119  -35  -91 -128 -112 -101 -109 -128  -90 -107 -103 -126 -123 -128  -31  -97 -117  -95  -47  -51
    -109 -128  -95 -128 -128 -104  -98 -103 -121 -109  -56  -63 -125 -128 -110 -105  -47 -113  -92 -102 -114  -70
    -103  -66  -52  -63  -90 -128 -103  -84  -78 -128  -95  -84  -87  -62 -112  -84 -106  -94  -93 -105  -91 -112
    -128  -95  -86  -94 -128  -81 -103  -96 -128 -119  -95  -73 -128  -45 -101 -121 -102 -128 -120 -105 -110 -128
     -47 -105  -99 -123 -128 -111 -105  -92  -92  -81  -91 -128  -84  -80 -109 -107 -126 -111 -127  -93 -128  -73
    -128 -126 -127  -61 -128  -71 -127 -128 -117  -69 -128 -128 -128  -93  -66 -128 -128  -83  -64  -96 -118 -115
     -81 -111  -88 -128 -128 -120  -93 -104 -103 -128 -128 -107 -120  -96 -128  -87 -125  -72  -90 -107  -41 -102
    -119 -109  -70  -95  -37 -128  -56 -128  -35  -76 -128 -128 -113 -128 -104 -115 -128  -63  -95  -91 -128  -73
    -106 -124 -111 -128  -59 -122  -86  -97  -66  -77  -19  -91 -113  -72  -97 -127  -65  -59  -66 -128 -117 -102
     -58  -88  -59 -106 -102 -116  -67 -103 -104  -98 -100  -99 -128  -80  -92  -82  -81 -103 -128  -73 -128  -91
     -56 -128 -116  -91 -128 -110 -124 -102  -70  -45  -70 -125 -109 -105  -46 -128 -104 -117  -56 -128 -128 -128
     -99 -115  -83 -127   83  -77 -128 -128 -114 -128 -128  -96 -128  -80 -128  -47  -59 -101  -97  -67 -119 -128
    -128 -103  -99  -72 -128   -6 -128  -93  -87 -102 -101 -102  -78 -128 -128  -67 -128  -95 -103 -124  -87  -75
     -96  -97 -128  -56 -128  -86  -92  -87 -101 -102  -64 -111 -101  -93 -118 -105 -128 -117 -100  -60 -128 -128
    -128 -116  -64 -128  -76 -127 -128  -90 -128  -39 -105  -65 -128 -101 -119 -116 -128  -92 -104 -112  -79 -122
    -128 -113 -120  -86  -85 -128  -63  -94  -95 -101  -63 -121  -77  -95 -126 -128 -128  -66  -59  -75 -115  -69
     -96 -122 -125  -63  -90 -128  -81 -124 -100 -105  -98  -86  -66 -119 -128  -74 -128 -126  -74  -93 -128 -128
     -95  -93  -78  -82 -128 -119 -107 -100 -122 -121  -84 -128 -109 -105 -105  -58 -118  -74 -128 -128 -128  -90
    -128 -116  -87 -128 -128  -72  -27   24 -104  -61 -125  -58 -113  -67  -82  -91 -111  -77  -80  -88 -128  -89
     -88  -92  -64 -128  -79 -128 -121 -128 -128 -121 -105  -96   10 -125 -106  -70 -108  -30  -97  -88  -92 -112
    -105  -98 -102  -82  -49 -128  -64  -87  -98 -128 -126 -107  -63  -93 -117  -89 -112 -113  -86 -128  -49  -53
     -67 -119 -103  -64 -123  -70 -128  -92 -128  -76 -122 -113 -128 -128 -128  -79  -91  -85 -128 -128  -82 -107
    -123 -128 -110 -106 -100 -114 -128  -73  -87  -75  -81  -72 -114 -117 -128  -75 -117  -79  -31 -126 -115  -97
    -121  -93 -112  -93 -112  -71  -55 -125  -92 -109 -128 -100  -56 -114  -74  -87 -128 -116 -128  -83  -78 -117
     -77 -114 -128  -79  -77 -120  -91 -103 -108  -68 -128  -81 -103 -128 -128  -94  -86  -99  -77 -112  -87  -67
     -91 -116 -128  -82 -121  -87 -105 -128 -128   50 -104  127 -122  -71  -80 -109  -99 -105   18  -79  -57 -118
    -128  -89  -49  -91 -123 -109 -128 -128  -95  -70  -94 -104  -57   24 -128  -98 -128  -98  -54  -83  -95  -75
    -109 -110 -127 -128 -110  -90  -86  -58 -125  -48 -128 -128  -89 -128  -32  -60 -128  -58 -128 -128  -88 -106
      15  -72 -105  -20 -104 -122  -90  -90  -86 -105  -82 -114 -128 -104 -110 -108 -128  -93  -70 -110  -99  -97
    -123  -98  -68  -38  -76 -128 -107 -128  -97 -102 -105  -93 -128  -65  -72 -128  -46 -128  -87  -88 -128 -128
     -80 -128  -77  -83 -125 -128 -108  -56 -122  -79 -116 -128  -68 -128 -128 -118 -128 -110 -128  -99 -102 -102
       1  -85  -38 -128  -78  -91  -57 -101  -92  -71 -113 -109  -52 -128 -128    9 -128 -101 -128 -128 -100 -106
    -128  -95 -103 -128   14  -50  -68  -75  -89 -128 -128  -88 -125 -128 -112  -44 -128 -117   78  -63 -106 -128
     -96 -128  -55 -124 -125  -93  -90 -116  -78 -126  -91 -128  -72  -62 -128 -128  -87 -104 -128  -64 -124  -39
    -128  -54 -113  -98  -74  -81  -95  -96  -67  -52 -122  -93 -118  -82  -90  -68  -77 -127  -67 -128 -100 -118
    -109 -116  -50 -105  -96 -128 -103 -128]]]]

=== INPUT1 ===
name    : build_efficientnetv2_b0_full_bnless/block2a_expand_activation/truediv;build_efficientnetv2_b0_full_bnless/block1a_project_activation/truediv/y
index   : 166
shape   : []
dtype   : <class 'numpy.int8'>
quant   : {'scales': [0.0006535947904922068], 'zero_points': [-128], 'axis': 0, 'scale_tuple': 0.0006535947904922068, 'zp_tuple': -128}
values(int):
127

=== OFM ===
name    : build_efficientnetv2_b0_full_bnless/block6g_se_expand/truediv;build_efficientnetv2_b0_full_bnless/block1a_project_activation/truediv/y
index   : 453
shape   : [1, 1, 1, 1152]
dtype   : <class 'numpy.int8'>
quant   : {'scales': [0.003921568859368563], 'zero_points': [-128], 'axis': 0, 'scale_tuple': 0.003921568859368563, 'zp_tuple': -128}
values(int):
[[[[-128  -82 -103  -82 -128  -49  -60  -96  -71  -70  -93 -128  -57 -113 -116 -128 -115 -128 -116  -54 -105  -96
     -71 -112 -110 -116 -114 -114  -91  -78 -100  -62  -98 -114  -91 -112 -128 -128 -120 -128   28  -70 -100  -83
     -89  -85 -117  -96  -71  -97 -128  -86 -115  -92  -40  -80 -128  -68  -59 -115 -116  -84  -62 -128 -128 -115
    -128 -109 -108  -89  -99 -110  -89 -116  -74  -64 -123  -78 -105 -113  -84  -54  -63  -88  -71  -71 -114 -102
    -128  -83  -68  -62  -80 -128  -97  -74  -89 -112 -128 -128  -66   28 -128  -91    9  -27  -76 -103  -59  -54
     -39 -128  -88 -104 -105 -128 -101  -88  -65 -120  -85  -95 -118 -121  -55 -128  -93  -99 -128 -128 -112  -56
     -93 -128 -128  -74 -112 -105 -113  -78  127  -73  -53  -52 -103  -98  -70  -97 -128 -128  -41 -104  -69 -128
    -122 -106  -97  -91 -117  -70  -97 -109  -97  -99 -124 -121 -121 -125 -128 -122 -128 -103  -85 -100 -128 -114
     -81 -120 -106  -83 -128 -128 -119 -108 -128 -128 -128  -70 -112   -9 -121  -91  -82  -64  -49  -93  -46 -128
     -39  -87 -128  -77 -128 -128 -124  -81 -113 -102 -121  -69 -128 -109 -128 -110  -43 -125 -128 -128  -81 -107
    -117  -95  -35  -43  -91 -127  -69  -70  -86 -128 -106 -124 -128  -71  -77  -75  -88 -112 -128  -93  -58 -122
    -100  -51 -128  -31 -128 -128  -49  -63 -112  -31  -63  -79  -88 -115 -128  -90 -101  -99  -83 -128 -128 -104
     -96 -128  -78  -82 -108 -128 -113 -107 -116  -65 -110  -95 -113  -86 -106 -111 -127  -93  -78  -77  -91  -99
     -79 -128 -128  -51  -82 -105  -93 -107  -90  -95 -128 -105  -79 -127 -126 -121  -86  -90 -128 -128 -128  -92
    -128  -73  -76 -115 -125 -127 -128 -128  -99  -73  -92 -126 -110 -122 -128 -128 -128 -104  127  -73 -107 -128
     -82  -61 -128 -110  -96 -119  -93 -124 -128 -111  -73 -101    2  -68  -74 -114 -114  -54  -92  -81  -62  -51
    -119  -84 -112 -102  -99 -116 -105  -73 -128 -121 -117 -111 -126  -99 -116  -94  -91 -111 -100 -128  -88 -128
    -104   59 -119  -35  -91 -128 -112 -101 -109 -128  -90 -107 -103 -126 -123 -128  -31  -97 -117  -95  -47  -51
    -109 -128  -95 -128 -128 -104  -98 -103 -121 -109  -56  -63 -125 -128 -110 -105  -47 -113  -92 -102 -114  -70
    -103  -66  -52  -63  -90 -128 -103  -84  -78 -128  -95  -84  -87  -62 -112  -84 -106  -94  -93 -105  -91 -112
    -128  -95  -86  -94 -128  -81 -103  -96 -128 -119  -95  -73 -128  -45 -101 -121 -102 -128 -120 -105 -110 -128
     -47 -105  -99 -123 -128 -111 -105  -92  -92  -81  -91 -128  -84  -80 -109 -107 -126 -111 -127  -93 -128  -73
    -128 -126 -127  -61 -128  -71 -127 -128 -117  -69 -128 -128 -128  -93  -66 -128 -128  -83  -64  -96 -118 -115
     -81 -111  -88 -128 -128 -120  -93 -104 -103 -128 -128 -107 -120  -96 -128  -87 -125  -72  -90 -107  -41 -102
    -119 -109  -70  -95  -37 -128  -56 -128  -35  -76 -128 -128 -113 -128 -104 -115 -128  -63  -95  -91 -128  -73
    -106 -124 -111 -128  -59 -122  -86  -97  -66  -77  -19  -91 -113  -72  -97 -127  -65  -59  -66 -128 -117 -102
     -58  -88  -59 -106 -102 -116  -67 -103 -104  -98 -100  -99 -128  -80  -92  -82  -81 -103 -128  -73 -128  -91
     -56 -128 -116  -91 -128 -110 -124 -102  -70  -45  -70 -125 -109 -105  -46 -128 -104 -117  -56 -128 -128 -128
     -99 -115  -83 -127   83  -77 -128 -128 -114 -128 -128  -96 -128  -80 -128  -47  -59 -101  -97  -67 -119 -128
    -128 -103  -99  -72 -128   -6 -128  -93  -87 -102 -101 -102  -78 -128 -128  -67 -128  -95 -103 -124  -87  -75
     -96  -97 -128  -56 -128  -86  -92  -87 -101 -102  -64 -111 -101  -93 -118 -105 -128 -117 -100  -60 -128 -128
    -128 -116  -64 -128  -76 -127 -128  -90 -128  -39 -105  -65 -128 -101 -119 -116 -128  -92 -104 -112  -79 -122
    -128 -113 -120  -86  -85 -128  -63  -94  -95 -101  -63 -121  -77  -95 -126 -128 -128  -66  -59  -75 -115  -69
     -96 -122 -125  -63  -90 -128  -81 -124 -100 -105  -98  -86  -66 -119 -128  -74 -128 -126  -74  -93 -128 -128
     -95  -93  -78  -82 -128 -119 -107 -100 -122 -121  -84 -128 -109 -105 -105  -58 -118  -74 -128 -128 -128  -90
    -128 -116  -87 -128 -128  -72  -27   24 -104  -61 -125  -58 -113  -67  -82  -91 -111  -77  -80  -88 -128  -89
     -88  -92  -64 -128  -79 -128 -121 -128 -128 -121 -105  -96   10 -125 -106  -70 -108  -30  -97  -88  -92 -112
    -105  -98 -102  -82  -49 -128  -64  -87  -98 -128 -126 -107  -63  -93 -117  -89 -112 -113  -86 -128  -49  -53
     -67 -119 -103  -64 -123  -70 -128  -92 -128  -76 -122 -113 -128 -128 -128  -79  -91  -85 -128 -128  -82 -107
    -123 -128 -110 -106 -100 -114 -128  -73  -87  -75  -81  -72 -114 -117 -128  -75 -117  -79  -31 -126 -115  -97
    -121  -93 -112  -93 -112  -71  -55 -125  -92 -109 -128 -100  -56 -114  -74  -87 -128 -116 -128  -83  -78 -117
     -77 -114 -128  -79  -77 -120  -91 -103 -108  -68 -128  -81 -103 -128 -128  -94  -86  -99  -77 -112  -87  -67
     -91 -116 -128  -82 -121  -87 -105 -128 -128   50 -104  127 -122  -71  -80 -109  -99 -105   18  -79  -57 -118
    -128  -89  -49  -91 -123 -109 -128 -128  -95  -70  -94 -104  -57   24 -128  -98 -128  -98  -54  -83  -95  -75
    -109 -110 -127 -128 -110  -90  -86  -58 -125  -48 -128 -128  -89 -128  -32  -60 -128  -58 -128 -128  -88 -106
      15  -72 -105  -20 -104 -122  -90  -90  -86 -105  -82 -114 -128 -104 -110 -108 -128  -93  -70 -110  -99  -97
    -123  -98  -68  -38  -76 -128 -107 -128  -97 -102 -105  -93 -128  -65  -72 -128  -46 -128  -87  -88 -128 -128
     -80 -128  -77  -83 -125 -128 -108  -56 -122  -79 -116 -128  -68 -128 -128 -118 -128 -110 -128  -99 -102 -102
       1  -85  -38 -128  -78  -91  -57 -101  -92  -71 -113 -109  -52 -128 -128    9 -128 -101 -128 -128 -100 -106
    -128  -95 -103 -128   14  -50  -68  -75  -89 -128 -128  -88 -125 -128 -112  -44 -128 -117   78  -63 -106 -128
     -96 -128  -55 -124 -125  -93  -90 -116  -78 -126  -91 -128  -72  -62 -128 -128  -87 -104 -128  -64 -124  -39
    -128  -54 -113  -98  -74  -81  -95  -96  -67  -52 -122  -93 -118  -82  -90  -68  -77 -127  -67 -128 -100 -118
    -109 -116  -50 -105  -96 -128 -103 -128]]]]

--- VERIFY MUL (elementwise) ---
real_mult=(s_x*s_y)/s_z=0.00392156858773 -> M=1077952565, n=7
idx | x | y | (x-zpx) | (y-zpy) | prod | SRDHM(prod,M) | Rshift | y_calc | y_ref | match
(0, 0, 0, 0) | -128 | 127 | 0 | 255 | 0 | 0 | >>7 | -128 | -128 | OK
(0, 0, 0, 1) | -82 | 127 | 46 | 255 | 11730 | 5888 | >>7 | -82 | -82 | OK
(0, 0, 0, 2) | -103 | 127 | 25 | 255 | 6375 | 3200 | >>7 | -103 | -103 | OK
(0, 0, 0, 3) | -82 | 127 | 46 | 255 | 11730 | 5888 | >>7 | -82 | -82 | OK
(0, 0, 0, 4) | -128 | 127 | 0 | 255 | 0 | 0 | >>7 | -128 | -128 | OK
(0, 0, 0, 5) | -49 | 127 | 79 | 255 | 20145 | 10112 | >>7 | -49 | -49 | OK
(0, 0, 0, 6) | -60 | 127 | 68 | 255 | 17340 | 8704 | >>7 | -60 | -60 | OK
(0, 0, 0, 7) | -96 | 127 | 32 | 255 | 8160 | 4096 | >>7 | -96 | -96 | OK
(0, 0, 0, 0) | -128 | 127 | 0 | 255 | 0 | 0 | >>7 | -128 | -128 | OK
(0, 0, 0, 1) | -82 | 127 | 46 | 255 | 11730 | 5888 | >>7 | -82 | -82 | OK
(0, 0, 0, 2) | -103 | 127 | 25 | 255 | 6375 | 3200 | >>7 | -103 | -103 | OK
(0, 0, 0, 3) | -82 | 127 | 46 | 255 | 11730 | 5888 | >>7 | -82 | -82 | OK
(0, 0, 0, 4) | -128 | 127 | 0 | 255 | 0 | 0 | >>7 | -128 | -128 | OK
(0, 0, 0, 5) | -49 | 127 | 79 | 255 | 20145 | 10112 | >>7 | -49 | -49 | OK
(0, 0, 0, 6) | -60 | 127 | 68 | 255 | 17340 | 8704 | >>7 | -60 | -60 | OK
(0, 0, 0, 7) | -96 | 127 | 32 | 255 | 8160 | 4096 | >>7 | -96 | -96 | OK
(0, 0, 0, 8) | -71 | 127 | 57 | 255 | 14535 | 7296 | >>7 | -71 | -71 | OK
(0, 0, 0, 9) | -70 | 127 | 58 | 255 | 14790 | 7424 | >>7 | -70 | -70 | OK
(0, 0, 0, 10) | -93 | 127 | 35 | 255 | 8925 | 4480 | >>7 | -93 | -93 | OK
(0, 0, 0, 11) | -128 | 127 | 0 | 255 | 0 | 0 | >>7 | -128 | -128 | OK
(0, 0, 0, 12) | -57 | 127 | 71 | 255 | 18105 | 9088 | >>7 | -57 | -57 | OK
(0, 0, 0, 13) | -113 | 127 | 15 | 255 | 3825 | 1920 | >>7 | -113 | -113 | OK
(0, 0, 0, 14) | -116 | 127 | 12 | 255 | 3060 | 1536 | >>7 | -116 | -116 | OK
(0, 0, 0, 15) | -128 | 127 | 0 | 255 | 0 | 0 | >>7 | -128 | -128 | OK
(0, 0, 0, 16) | -115 | 127 | 13 | 255 | 3315 | 1664 | >>7 | -115 | -115 | OK
(0, 0, 0, 17) | -128 | 127 | 0 | 255 | 0 | 0 | >>7 | -128 | -128 | OK
(0, 0, 0, 18) | -116 | 127 | 12 | 255 | 3060 | 1536 | >>7 | -116 | -116 | OK
(0, 0, 0, 19) | -54 | 127 | 74 | 255 | 18870 | 9472 | >>7 | -54 | -54 | OK
(0, 0, 0, 20) | -105 | 127 | 23 | 255 | 5865 | 2944 | >>7 | -105 | -105 | OK
(0, 0, 0, 21) | -96 | 127 | 32 | 255 | 8160 | 4096 | >>7 | -96 | -96 | OK
(0, 0, 0, 22) | -71 | 127 | 57 | 255 | 14535 | 7296 | >>7 | -71 | -71 | OK
(0, 0, 0, 23) | -112 | 127 | 16 | 255 | 4080 | 2048 | >>7 | -112 | -112 | OK
(0, 0, 0, 24) | -110 | 127 | 18 | 255 | 4590 | 2304 | >>7 | -110 | -110 | OK
(0, 0, 0, 25) | -116 | 127 | 12 | 255 | 3060 | 1536 | >>7 | -116 | -116 | OK
(0, 0, 0, 26) | -114 | 127 | 14 | 255 | 3570 | 1792 | >>7 | -114 | -114 | OK
(0, 0, 0, 27) | -114 | 127 | 14 | 255 | 3570 | 1792 | >>7 | -114 | -114 | OK
(0, 0, 0, 28) | -91 | 127 | 37 | 255 | 9435 | 4736 | >>7 | -91 | -91 | OK
(0, 0, 0, 29) | -78 | 127 | 50 | 255 | 12750 | 6400 | >>7 | -78 | -78 | OK
(0, 0, 0, 30) | -100 | 127 | 28 | 255 | 7140 | 3584 | >>7 | -100 | -100 | OK
(0, 0, 0, 31) | -62 | 127 | 66 | 255 | 16830 | 8448 | >>7 | -62 | -62 | OK
(0, 0, 0, 32) | -98 | 127 | 30 | 255 | 7650 | 3840 | >>7 | -98 | -98 | OK
(0, 0, 0, 33) | -114 | 127 | 14 | 255 | 3570 | 1792 | >>7 | -114 | -114 | OK
(0, 0, 0, 34) | -91 | 127 | 37 | 255 | 9435 | 4736 | >>7 | -91 | -91 | OK
(0, 0, 0, 35) | -112 | 127 | 16 | 255 | 4080 | 2048 | >>7 | -112 | -112 | OK
(0, 0, 0, 36) | -128 | 127 | 0 | 255 | 0 | 0 | >>7 | -128 | -128 | OK
(0, 0, 0, 37) | -128 | 127 | 0 | 255 | 0 | 0 | >>7 | -128 | -128 | OK
(0, 0, 0, 38) | -120 | 127 | 8 | 255 | 2040 | 1024 | >>7 | -120 | -120 | OK
(0, 0, 0, 39) | -128 | 127 | 0 | 255 | 0 | 0 | >>7 | -128 | -128 | OK
(0, 0, 0, 40) | 28 | 127 | 156 | 255 | 39780 | 19968 | >>7 | 28 | 28 | OK
(0, 0, 0, 41) | -70 | 127 | 58 | 255 | 14790 | 7424 | >>7 | -70 | -70 | OK
(0, 0, 0, 42) | -100 | 127 | 28 | 255 | 7140 | 3584 | >>7 | -100 | -100 | OK
(0, 0, 0, 43) | -83 | 127 | 45 | 255 | 11475 | 5760 | >>7 | -83 | -83 | OK
(0, 0, 0, 44) | -89 | 127 | 39 | 255 | 9945 | 4992 | >>7 | -89 | -89 | OK
(0, 0, 0, 45) | -85 | 127 | 43 | 255 | 10965 | 5504 | >>7 | -85 | -85 | OK
(0, 0, 0, 46) | -117 | 127 | 11 | 255 | 2805 | 1408 | >>7 | -117 | -117 | OK
(0, 0, 0, 47) | -96 | 127 | 32 | 255 | 8160 | 4096 | >>7 | -96 | -96 | OK
(0, 0, 0, 48) | -71 | 127 | 57 | 255 | 14535 | 7296 | >>7 | -71 | -71 | OK
(0, 0, 0, 49) | -97 | 127 | 31 | 255 | 7905 | 3968 | >>7 | -97 | -97 | OK
(0, 0, 0, 50) | -128 | 127 | 0 | 255 | 0 | 0 | >>7 | -128 | -128 | OK
(0, 0, 0, 51) | -86 | 127 | 42 | 255 | 10710 | 5376 | >>7 | -86 | -86 | OK
(0, 0, 0, 52) | -115 | 127 | 13 | 255 | 3315 | 1664 | >>7 | -115 | -115 | OK
(0, 0, 0, 53) | -92 | 127 | 36 | 255 | 9180 | 4608 | >>7 | -92 | -92 | OK
(0, 0, 0, 54) | -40 | 127 | 88 | 255 | 22440 | 11264 | >>7 | -40 | -40 | OK
(0, 0, 0, 55) | -80 | 127 | 48 | 255 | 12240 | 6144 | >>7 | -80 | -80 | OK
