MODEL : efficientnetv2_b0_bnless_int8.tflite
OP #251: RESHAPE

=== IFM0 ===
name    : build_efficientnetv2_b0_full_bnless/block6g_se_squeeze/Mean
index   : 445
shape   : [1, 1152]
dtype   : <class 'numpy.int8'>
quant   : {'scales': [0.11658114194869995], 'zero_points': [-125], 'axis': 0, 'scale_tuple': 0.11658114194869995, 'zp_tuple': -125}
values(int):
[[-125 -125 -127 -116 -127 -126 -125 -117 -126 -127 -128 -125 -126 -115 -125 -125 -127 -128 -116 -126 -127 -125 -127
  -124 -125 -127 -125 -127 -125 -126 -127 -127 -125 -112 -126 -127 -124 -127 -127 -121 -119 -116 -125 -121 -126 -128
  -126 -125 -123 -127 -124 -120 -127 -127 -120 -127 -127 -117 -118 -126 -112 -118 -114 -121 -127 -125 -127 -128 -126
  -119 -115 -126 -127 -127 -127 -125 -127 -126 -127 -128 -128 -112 -124 -128 -126 -128 -125 -126 -123 -128 -120 -127
  -128 -126 -127 -116 -126 -128 -126 -124 -120 -123 -125 -125 -127 -126 -125 -116 -126 -126 -118 -101 -125 -126 -127
  -128 -116 -112 -116 -125 -126 -125 -125 -122 -124 -127 -123 -128 -126 -124 -127 -124 -128 -127 -126 -122 -124 -128
  -125 -124 -116 -127 -119 -125 -127 -127 -126 -127 -119 -127 -127 -122 -127 -122 -126 -126 -119 -125 -126 -128 -127
  -121 -125 -126 -119 -126 -120 -124 -123 -127 -126 -127 -128 -127 -118 -127 -127 -126 -126 -126 -127 -125 -112 -126
  -128 -128 -128 -125 -127 -122 -123 -127 -127 -126 -127 -126 -127 -126 -123 -128 -125 -126 -125 -125 -128 -127 -123
  -128 -126 -126 -108 -125 -126 -128 -125 -118 -126 -125 -126 -127 -126 -125 -126 -123 -126 -127 -126 -125 -128 -125
  -125 -124 -128 -124 -126 -111 -127 -128 -126 -126 -112 -126 -124 -127 -128 -122 -127 -127 -123 -123 -127 -128 -125
  -128 -119 -125 -127 -117 -126 -119 -126 -126 -128 -127 -127 -127 -128 -126 -128 -124 -126 -125 -126 -112 -126 -126
  -125 -113 -127 -123 -128 -113 -127 -125 -126 -125 -117 -108 -125 -125 -128 -125 -108 -115 -126 -126 -126 -128 -116
  -127 -125 -126 -127 -126 -126 -125 -122 -113 -127 -124 -126 -126 -127 -111 -127 -122 -119 -119 -126 -127 -116 -126
  -125 -125 -126 -127 -116 -115 -126 -126 -127 -121 -127 -125 -125 -124 -115 -127 -126 -124 -124 -127 -122 -127 -126
  -126 -118 -117 -127 -126 -126 -126 -126 -125 -126 -125 -126 -128 -126 -126 -127 -117 -114 -125 -120 -122 -128 -126
  -118 -126 -119 -128 -125 -128 -125 -118 -127 -110 -125 -128 -125 -126 -128 -127 -126 -127 -127 -127 -127 -127 -127
  -123 -127 -127 -125 -128 -123 -126 -112 -125 -127 -126 -125 -125 -127 -127 -113 -119 -128 -125 -123 -127 -127 -128
  -128 -125 -126 -124 -114 -126 -122 -115 -126 -124 -126 -126 -125 -126 -122 -126 -118 -125 -125 -127 -127 -126 -125
  -126 -122 -127 -112 -125 -125 -126 -124 -123 -122 -112 -126 -126 -126 -126 -126 -119 -122 -118 -127 -126 -128 -125
  -126 -123 -126 -127 -120 -128 -127 -127 -116 -128 -126 -127 -116 -125 -122 -127 -126 -126 -127 -125 -127 -125 -126
  -127 -126 -125 -116 -128 -126 -126 -127 -126 -125 -127 -127 -128 -128 -117 -124 -127 -121 -126 -124 -124 -128 -125
  -115 -125 -124 -128 -125 -127 -124 -126 -120 -128 -125 -127 -126 -127 -125 -127 -124 -128 -112 -126 -121 -127 -124
  -117 -126 -126 -124 -127 -127 -128 -127 -123 -127 -128 -123 -118 -126 -124 -127 -128 -127 -119 -127 -125 -125 -128
  -124 -127 -124 -128 -126 -125 -126 -128 -124 -126 -128 -127 -118 -127 -126 -113 -124 -122 -127 -126 -128 -122 -127
  -128 -124 -120 -128 -116 -126 -125 -126 -123 -125 -119 -123 -125 -126 -125 -125 -127 -127 -125 -122 -128 -128 -125
  -111 -126 -127 -125 -125 -123 -117 -128 -126 -125 -116 -126 -126 -127 -122 -127 -125 -125 -126 -119 -123 -127 -119
  -119 -125 -126 -127 -121 -126 -125 -120 -116 -127 -115 -116 -127 -113 -111 -123 -125 -106 -126 -127 -117 -125 -124
  -127 -114 -125 -126 -126 -127 -118 -128 -127 -127 -127 -126 -127 -127 -112 -125 -127 -128 -126 -125 -127 -127 -127
  -122 -127 -126 -126 -122 -125 -127 -122 -127 -126 -127 -126 -126 -127 -126 -126 -117 -124 -126 -127 -127 -125 -118
  -128 -121 -127 -125 -127 -124 -127 -128 -114 -126 -119 -118 -128 -127 -126 -128 -126 -126 -128 -126 -127 -123 -120
  -126 -127 -127 -126 -126 -118 -128 -125 -116 -128 -128 -127 -127 -124 -127 -127 -121 -127 -125 -125 -126 -127 -125
  -123 -119 -122 -126 -114 -120 -127 -127 -124 -124 -125 -127 -127 -123 -118 -112 -126 -125 -126 -127 -126 -124 -125
  -127 -125 -127 -119 -122 -126 -125 -127 -128 -127 -126 -127 -119 -123 -126 -128 -128 -128 -115 -125 -126 -126 -125
  -128 -125 -122 -127 -127 -117 -127 -125 -127 -113 -128 -116 -126 -128 -126 -127 -127 -125 -125 -126 -127 -114 -119
  -127 -125 -127 -127 -127 -125 -122 -126 -128 -123 -126 -127 -125 -128 -126 -117 -127 -124 -127 -126 -128 -121 -124
  -125 -128 -127 -125 -128 -127 -125 -125 -125 -126 -125 -123 -125 -124 -127 -128 -113 -115 -127 -125 -126 -126 -119
  -122 -123 -125 -128 -128 -126 -126 -126 -125 -127 -125 -128 -126 -110 -118 -126 -127 -127 -125 -127 -126 -126 -127
  -126 -119 -118 -117 -128 -127 -126 -127 -125 -125 -125 -127 -119 -125 -117 -127 -126 -128 -118 -123 -126 -127 -126
  -113 -113 -126 -128 -126 -127 -124 -127 -126 -125 -127 -126 -118 -126 -119 -125 -127 -127 -128 -126 -126 -116 -127
  -127 -125 -128 -127 -121 -127 -128 -125 -126 -127 -125 -123 -126 -126 -127 -117 -125 -127 -128 -127 -127 -127 -123
  -126 -126 -128 -122 -128 -123 -127 -128 -123 -125 -126 -126 -127 -125 -126 -112 -126 -128 -127 -125 -122 -128 -125
  -124 -128 -125 -126 -126 -126 -126 -120 -127 -120 -112 -128 -126 -112 -126 -125 -124 -114 -126 -124 -126 -128 -127
  -125 -127 -127 -127 -124 -127 -127 -128  -76 -120 -128 -126 -124 -125 -125 -125 -125 -125 -114 -122 -125 -126 -127
  -127 -117 -127 -122 -127 -125 -128 -127 -125 -125 -128 -126 -118 -117 -125 -126 -125 -125 -125 -117 -126 -128 -126
  -126 -128 -126 -124 -126 -127 -126 -124 -121 -127 -118 -119 -126 -127 -126 -126 -127 -126 -124 -126 -127 -125 -113
  -123 -126 -126 -126 -116 -114 -125 -125 -126 -126 -120 -122 -127 -118 -125 -126 -128 -125 -125 -125 -126 -125 -126
  -122 -123 -124 -126 -116 -125 -127 -113 -127 -126 -126 -127 -124 -125 -127 -118 -117 -122 -116 -126 -125 -118 -109
  -126 -126 -125 -128 -127 -126 -120 -126 -127 -126 -128 -128 -126 -127 -128 -120 -127 -124 -119 -124 -126 -126 -123
  -125 -126  -89 -121 -120 -127 -121 -125 -127 -123 -117 -123 -127 -117 -126 -127 -121 -126 -127 -126 -128 -115 -125
  -119 -120]]

=== IFM1 ===
name    : build_efficientnetv2_b0_full_bnless/block6g_se_reshape/Reshape/shape
index   : 448
shape   : [4]
dtype   : <class 'numpy.int32'>
quant   : {'scales': [], 'zero_points': [], 'axis': 0, 'scale_tuple': 0.0, 'zp_tuple': 0}
values(int):
[   1    1    1 1152]

=== BIAS ===
N/A

=== OFM ===
name    : build_efficientnetv2_b0_full_bnless/block6g_se_reshape/Reshape
index   : 449
shape   : [1, 1, 1, 1152]
dtype   : <class 'numpy.int8'>
quant   : {'scales': [0.11658114194869995], 'zero_points': [-125], 'axis': 0, 'scale_tuple': 0.11658114194869995, 'zp_tuple': -125}
values(int):
[[[[-125 -125 -127 -116 -127 -126 -125 -117 -126 -127 -128 -125 -126 -115 -125 -125 -127 -128 -116 -126 -127 -125
    -127 -124 -125 -127 -125 -127 -125 -126 -127 -127 -125 -112 -126 -127 -124 -127 -127 -121 -119 -116 -125 -121
    -126 -128 -126 -125 -123 -127 -124 -120 -127 -127 -120 -127 -127 -117 -118 -126 -112 -118 -114 -121 -127 -125
    -127 -128 -126 -119 -115 -126 -127 -127 -127 -125 -127 -126 -127 -128 -128 -112 -124 -128 -126 -128 -125 -126
    -123 -128 -120 -127 -128 -126 -127 -116 -126 -128 -126 -124 -120 -123 -125 -125 -127 -126 -125 -116 -126 -126
    -118 -101 -125 -126 -127 -128 -116 -112 -116 -125 -126 -125 -125 -122 -124 -127 -123 -128 -126 -124 -127 -124
    -128 -127 -126 -122 -124 -128 -125 -124 -116 -127 -119 -125 -127 -127 -126 -127 -119 -127 -127 -122 -127 -122
    -126 -126 -119 -125 -126 -128 -127 -121 -125 -126 -119 -126 -120 -124 -123 -127 -126 -127 -128 -127 -118 -127
    -127 -126 -126 -126 -127 -125 -112 -126 -128 -128 -128 -125 -127 -122 -123 -127 -127 -126 -127 -126 -127 -126
    -123 -128 -125 -126 -125 -125 -128 -127 -123 -128 -126 -126 -108 -125 -126 -128 -125 -118 -126 -125 -126 -127
    -126 -125 -126 -123 -126 -127 -126 -125 -128 -125 -125 -124 -128 -124 -126 -111 -127 -128 -126 -126 -112 -126
    -124 -127 -128 -122 -127 -127 -123 -123 -127 -128 -125 -128 -119 -125 -127 -117 -126 -119 -126 -126 -128 -127
    -127 -127 -128 -126 -128 -124 -126 -125 -126 -112 -126 -126 -125 -113 -127 -123 -128 -113 -127 -125 -126 -125
    -117 -108 -125 -125 -128 -125 -108 -115 -126 -126 -126 -128 -116 -127 -125 -126 -127 -126 -126 -125 -122 -113
    -127 -124 -126 -126 -127 -111 -127 -122 -119 -119 -126 -127 -116 -126 -125 -125 -126 -127 -116 -115 -126 -126
    -127 -121 -127 -125 -125 -124 -115 -127 -126 -124 -124 -127 -122 -127 -126 -126 -118 -117 -127 -126 -126 -126
    -126 -125 -126 -125 -126 -128 -126 -126 -127 -117 -114 -125 -120 -122 -128 -126 -118 -126 -119 -128 -125 -128
    -125 -118 -127 -110 -125 -128 -125 -126 -128 -127 -126 -127 -127 -127 -127 -127 -127 -123 -127 -127 -125 -128
    -123 -126 -112 -125 -127 -126 -125 -125 -127 -127 -113 -119 -128 -125 -123 -127 -127 -128 -128 -125 -126 -124
    -114 -126 -122 -115 -126 -124 -126 -126 -125 -126 -122 -126 -118 -125 -125 -127 -127 -126 -125 -126 -122 -127
    -112 -125 -125 -126 -124 -123 -122 -112 -126 -126 -126 -126 -126 -119 -122 -118 -127 -126 -128 -125 -126 -123
    -126 -127 -120 -128 -127 -127 -116 -128 -126 -127 -116 -125 -122 -127 -126 -126 -127 -125 -127 -125 -126 -127
    -126 -125 -116 -128 -126 -126 -127 -126 -125 -127 -127 -128 -128 -117 -124 -127 -121 -126 -124 -124 -128 -125
    -115 -125 -124 -128 -125 -127 -124 -126 -120 -128 -125 -127 -126 -127 -125 -127 -124 -128 -112 -126 -121 -127
    -124 -117 -126 -126 -124 -127 -127 -128 -127 -123 -127 -128 -123 -118 -126 -124 -127 -128 -127 -119 -127 -125
    -125 -128 -124 -127 -124 -128 -126 -125 -126 -128 -124 -126 -128 -127 -118 -127 -126 -113 -124 -122 -127 -126
    -128 -122 -127 -128 -124 -120 -128 -116 -126 -125 -126 -123 -125 -119 -123 -125 -126 -125 -125 -127 -127 -125
    -122 -128 -128 -125 -111 -126 -127 -125 -125 -123 -117 -128 -126 -125 -116 -126 -126 -127 -122 -127 -125 -125
    -126 -119 -123 -127 -119 -119 -125 -126 -127 -121 -126 -125 -120 -116 -127 -115 -116 -127 -113 -111 -123 -125
    -106 -126 -127 -117 -125 -124 -127 -114 -125 -126 -126 -127 -118 -128 -127 -127 -127 -126 -127 -127 -112 -125
    -127 -128 -126 -125 -127 -127 -127 -122 -127 -126 -126 -122 -125 -127 -122 -127 -126 -127 -126 -126 -127 -126
    -126 -117 -124 -126 -127 -127 -125 -118 -128 -121 -127 -125 -127 -124 -127 -128 -114 -126 -119 -118 -128 -127
    -126 -128 -126 -126 -128 -126 -127 -123 -120 -126 -127 -127 -126 -126 -118 -128 -125 -116 -128 -128 -127 -127
    -124 -127 -127 -121 -127 -125 -125 -126 -127 -125 -123 -119 -122 -126 -114 -120 -127 -127 -124 -124 -125 -127
    -127 -123 -118 -112 -126 -125 -126 -127 -126 -124 -125 -127 -125 -127 -119 -122 -126 -125 -127 -128 -127 -126
    -127 -119 -123 -126 -128 -128 -128 -115 -125 -126 -126 -125 -128 -125 -122 -127 -127 -117 -127 -125 -127 -113
    -128 -116 -126 -128 -126 -127 -127 -125 -125 -126 -127 -114 -119 -127 -125 -127 -127 -127 -125 -122 -126 -128
    -123 -126 -127 -125 -128 -126 -117 -127 -124 -127 -126 -128 -121 -124 -125 -128 -127 -125 -128 -127 -125 -125
    -125 -126 -125 -123 -125 -124 -127 -128 -113 -115 -127 -125 -126 -126 -119 -122 -123 -125 -128 -128 -126 -126
    -126 -125 -127 -125 -128 -126 -110 -118 -126 -127 -127 -125 -127 -126 -126 -127 -126 -119 -118 -117 -128 -127
    -126 -127 -125 -125 -125 -127 -119 -125 -117 -127 -126 -128 -118 -123 -126 -127 -126 -113 -113 -126 -128 -126
    -127 -124 -127 -126 -125 -127 -126 -118 -126 -119 -125 -127 -127 -128 -126 -126 -116 -127 -127 -125 -128 -127
    -121 -127 -128 -125 -126 -127 -125 -123 -126 -126 -127 -117 -125 -127 -128 -127 -127 -127 -123 -126 -126 -128
    -122 -128 -123 -127 -128 -123 -125 -126 -126 -127 -125 -126 -112 -126 -128 -127 -125 -122 -128 -125 -124 -128
    -125 -126 -126 -126 -126 -120 -127 -120 -112 -128 -126 -112 -126 -125 -124 -114 -126 -124 -126 -128 -127 -125
    -127 -127 -127 -124 -127 -127 -128  -76 -120 -128 -126 -124 -125 -125 -125 -125 -125 -114 -122 -125 -126 -127
    -127 -117 -127 -122 -127 -125 -128 -127 -125 -125 -128 -126 -118 -117 -125 -126 -125 -125 -125 -117 -126 -128
    -126 -126 -128 -126 -124 -126 -127 -126 -124 -121 -127 -118 -119 -126 -127 -126 -126 -127 -126 -124 -126 -127
    -125 -113 -123 -126 -126 -126 -116 -114 -125 -125 -126 -126 -120 -122 -127 -118 -125 -126 -128 -125 -125 -125
    -126 -125 -126 -122 -123 -124 -126 -116 -125 -127 -113 -127 -126 -126 -127 -124 -125 -127 -118 -117 -122 -116
    -126 -125 -118 -109 -126 -126 -125 -128 -127 -126 -120 -126 -127 -126 -128 -128 -126 -127 -128 -120 -127 -124
    -119 -124 -126 -126 -123 -125 -126  -89 -121 -120 -127 -121 -125 -127 -123 -117 -123 -127 -117 -126 -127 -121
    -126 -127 -126 -128 -115 -125 -119 -120]]]]
