MODEL : efficientnetv2_b0_bnless_int8.tflite
OP #279: SOFTMAX

=== IFM0 ===
name    : build_efficientnetv2_b0_full_bnless/predictions/MatMul;build_efficientnetv2_b0_full_bnless/predictions/BiasAdd
index   : 476
shape   : [1, 1000]
dtype   : <class 'numpy.int8'>
quant   : {'scales': [0.0759124681353569], 'zero_points': [-60], 'axis': 0, 'scale_tuple': 0.0759124681353569, 'zp_tuple': -60}
values(int):
[[-128 -128 -128 -128 -128 -128 -128 -128 -128 -128 -128 -128 -128 -128 -128 -128 -128 -128 -127 -128 -128 -127 -128
  -127 -128 -128 -128 -128 -128 -128 -128 -128 -128 -128 -128 -128 -128 -128 -128 -128 -128 -128 -127 -128 -128 -128
  -127 -128 -128 -128 -128 -128 -128 -128 -128 -128 -128 -127 -128 -128 -128 -128 -128 -128 -128 -128 -127 -127 -127
  -128 -128 -128 -128 -128 -128 -128 -128 -128 -127 -127 -128 -128 -127 -128 -127 -128 -128 -128 -128 -128 -128 -128
  -127 -128 -128 -128 -128 -128 -128 -127 -128 -128 -127 -128 -128 -128 -128 -127 -128 -128 -128 -128 -128 -128 -127
  -128 -128 -128 -128 -128 -128 -128 -128 -128 -128 -128 -128 -127 -127 -128 -128 -128 -127 -127 -128 -128 -128 -128
  -127 -128 -128 -128 -128 -128 -128 -128 -128 -128 -128 -128 -128 -128 -128 -128 -127 -128 -128 -128 -128 -128 -128
  -128 -128 -128 -128 -128 -128 -128 -128 -128 -128 -128 -128 -128 -128 -128 -128 -128 -127 -128 -128 -128 -128 -128
  -128 -127 -128 -128 -128 -128 -128 -128 -128 -128 -128 -128 -128 -128 -128 -128 -128 -127 -128 -128 -128 -128 -128
  -128 -128 -128 -128 -128 -128 -128 -128 -128 -128 -128 -128 -128 -128 -128 -128 -128 -128 -128 -128 -128 -128 -128
  -128 -128 -128 -128 -128 -128 -127 -128 -128 -128 -128 -128 -128 -128 -128 -128 -128 -128 -128 -128 -128 -128 -128
  -128 -128 -128 -128 -128 -128 -128 -128 -128 -128 -128 -128 -128 -128 -128 -128 -128 -128 -128 -128 -128 -128 -128
  -128 -128 -128 -128 -128 -127 -128 -128 -128 -128 -128 -128 -128 -128 -128 -128 -128 -128 -128 -128 -128 -128 -127
  -127 -128 -127 -128 -128 -128 -127 -128 -128 -128 -128 -127 -128 -127 -127 -128 -128 -127 -127 -127 -128 -128 -128
  -128 -128 -128 -128 -128 -128 -128 -128 -127 -127 -128 -128 -128 -128 -128 -128 -128 -128 -128 -128 -128 -128 -128
  -128 -128 -128 -128 -128 -128 -128 -128 -128 -128 -128 -128 -128 -128 -128 -128 -127 -128 -127 -128 -128 -128 -128
  -128 -128 -128 -128 -128 -128 -128 -128 -128 -128 -128 -128 -128 -128 -128 -128 -128 -128 -128 -128 -128 -128 -128
  -128 -128 -128 -128 -128 -128 -128 -128 -128 -128 -128 -128 -128 -128 -128 -128 -128 -128 -128 -128 -126 -127 -128
  -128 -128 -128 -128 -128 -128 -128 -128 -128 -128 -128 -128 -128 -128 -128 -127 -128 -128 -128 -128 -128 -128 -128
  -128 -128 -128 -127 -128 -128 -126 -128 -128 -128 -128 -128 -128 -128 -128 -128 -128 -128 -127 -128 -128 -128 -128
  -128 -128 -128 -127 -128 -128 -128 -128 -128 -128 -128 -128 -128 -128 -128 -128 -128 -128 -127 -128 -128 -128 -128
  -128 -128 -128 -128 -128 -128 -127 -128 -128 -128 -128 -128 -128 -128 -128 -128 -128 -128 -128 -128 -128 -128 -128
  -128 -128 -128 -128 -128 -128 -128 -128 -128 -128 -128 -128 -128 -128 -128 -128 -127 -128 -128 -128 -128 -128 -128
  -128 -128 -128 -128 -128 -128 -128 -128 -128 -128 -120 -128 -128 -128 -128 -128 -128 -128 -128 -128 -126 -128 -128
  -127 -128 -128 -128 -128 -128 -128 -128 -128 -128 -128 -128 -128 -128 -128 -128 -128 -128 -128 -128 -128 -128 -126
  -128 -128 -128 -128 -128 -127 -128 -128 -128 -128 -127 -128 -128 -128 -128 -128 -128 -128 -128 -128 -128 -128 -128
  -128 -128 -128 -128 -128 -128 -128 -128 -128 -128 -128 -128 -127 -128 -128 -128 -128 -128 -128 -128 -128 -128 -128
  -127 -128 -128 -128 -128 -128 -128 -128 -128 -128 -128 -128 -128 -128 -128 -128 -128 -128 -128 -128 -128 -128 -128
  -128 -128 -127 -128 -128 -128 -128 -128 -128 -128 -128 -128 -128 -128 -128 -128 -128 -128 -128 -128 -128 -128 -128
  -128 -128 -128 -128 -128 -128 -128 -128 -128 -128 -128 -128 -127 -128 -128 -128 -128 -128 -128 -128 -128 -128 -128
  -128 -128 -128 -128 -128 -128 -128 -128 -128 -128 -128 -128 -128 -128 -128 -128 -128 -128 -128 -128 -128 -128 -127
  -128 -128 -128 -128 -128 -128 -128 -128 -128 -127 -128 -128 -128 -128 -128 -127 -128 -128 -128 -128 -128 -128 -125
  -128 -127 -127 -128 -128 -128 -128 -128 -128 -128 -128 -128 -128 -127 -128 -128 -127 -128 -128 -128 -128 -128 -128
  -128 -128 -128 -128 -128 -128 -128 -128 -128 -128 -128 -127 -128 -128 -128 -127 -128 -128 -128 -128 -128 -128 -128
  -128 -128 -128 -128 -128 -128 -128 -128 -127 -128 -128 -128 -128 -128 -128 -128 -128 -128 -128 -128 -128 -128 -128
  -127 -128 -128 -127 -128 -128 -128 -128 -128 -127 -128 -128 -128 -128 -128 -128 -128 -128 -128 -127 -128 -128 -128
  -128 -128 -128 -128 -128 -128 -128 -128 -128 -128 -128 -128 -128 -127 -128 -128 -128 -127 -128 -128 -128 -128 -128
  -128 -105 -127 -128 -128 -128 -128 -127 -128 -128 -128 -128 -128 -128 -128 -128 -128 -128 -128 -127 -128 -128 -128
  -128 -128 -128 -128 -128 -127 -128 -128 -128 -128 -128 -127 -128 -128 -128 -128 -128 -128 -127 -128 -128 -128 -128
  -128 -128 -128 -128 -128 -128 -128 -128 -128 -128 -128 -128 -128 -128 -126 -128 -128 -128 -128 -128 -128 -128 -128
  -128 -128 -128 -128 -128 -128 -128 -128 -128 -128 -128 -128 -128 -128 -128 -128 -128 -127 -128 -128 -128 -128 -128
  -128 -128 -128 -128 -128 -128 -128 -127 -127 -128 -128 -128 -128 -128 -128 -127 -128 -128 -128 -128 -128 -128 -128
  -128 -128 -128 -128 -128 -128 -128 -128 -128 -128 -128 -128 -128 -128 -128 -128 -128 -128 -126 -127 -128 -128 -128
  -128 -128 -128 -128 -128 -128 -128 -128 -128 -128 -128]]

=== IFM1 ===
N/A

=== BIAS ===
N/A

=== OFM ===
name    : StatefulPartitionedCall:01
index   : 477
shape   : [1, 1000]
dtype   : <class 'numpy.int8'>
quant   : {'scales': [0.00390625], 'zero_points': [-128], 'axis': 0, 'scale_tuple': 0.00390625, 'zp_tuple': -128}
values(int):
[[-128 -128 -128 -128 -128 -128 -128 -128 -128 -128 -128 -128 -128 -128 -128 -128 -128 -128 -127 -128 -128 -127 -128
  -127 -128 -128 -128 -128 -128 -128 -128 -128 -128 -128 -128 -128 -128 -128 -128 -128 -128 -128 -127 -128 -128 -128
  -127 -128 -128 -128 -128 -128 -128 -128 -128 -128 -128 -127 -128 -128 -128 -128 -128 -128 -128 -128 -127 -127 -127
  -128 -128 -128 -128 -128 -128 -128 -128 -128 -127 -127 -128 -128 -127 -128 -127 -128 -128 -128 -128 -128 -128 -128
  -127 -128 -128 -128 -128 -128 -128 -127 -128 -128 -127 -128 -128 -128 -128 -127 -128 -128 -128 -128 -128 -128 -127
  -128 -128 -128 -128 -128 -128 -128 -128 -128 -128 -128 -128 -127 -127 -128 -128 -128 -127 -127 -128 -128 -128 -128
  -127 -128 -128 -128 -128 -128 -128 -128 -128 -128 -128 -128 -128 -128 -128 -128 -127 -128 -128 -128 -128 -128 -128
  -128 -128 -128 -128 -128 -128 -128 -128 -128 -128 -128 -128 -128 -128 -128 -128 -128 -127 -128 -128 -128 -128 -128
  -128 -127 -128 -128 -128 -128 -128 -128 -128 -128 -128 -128 -128 -128 -128 -128 -128 -127 -128 -128 -128 -128 -128
  -128 -128 -128 -128 -128 -128 -128 -128 -128 -128 -128 -128 -128 -128 -128 -128 -128 -128 -128 -128 -128 -128 -128
  -128 -128 -128 -128 -128 -128 -127 -128 -128 -128 -128 -128 -128 -128 -128 -128 -128 -128 -128 -128 -128 -128 -128
  -128 -128 -128 -128 -128 -128 -128 -128 -128 -128 -128 -128 -128 -128 -128 -128 -128 -128 -128 -128 -128 -128 -128
  -128 -128 -128 -128 -128 -127 -128 -128 -128 -128 -128 -128 -128 -128 -128 -128 -128 -128 -128 -128 -128 -128 -127
  -127 -128 -127 -128 -128 -128 -127 -128 -128 -128 -128 -127 -128 -127 -127 -128 -128 -127 -127 -127 -128 -128 -128
  -128 -128 -128 -128 -128 -128 -128 -128 -127 -127 -128 -128 -128 -128 -128 -128 -128 -128 -128 -128 -128 -128 -128
  -128 -128 -128 -128 -128 -128 -128 -128 -128 -128 -128 -128 -128 -128 -128 -128 -127 -128 -127 -128 -128 -128 -128
  -128 -128 -128 -128 -128 -128 -128 -128 -128 -128 -128 -128 -128 -128 -128 -128 -128 -128 -128 -128 -128 -128 -128
  -128 -128 -128 -128 -128 -128 -128 -128 -128 -128 -128 -128 -128 -128 -128 -128 -128 -128 -128 -128 -126 -127 -128
  -128 -128 -128 -128 -128 -128 -128 -128 -128 -128 -128 -128 -128 -128 -128 -127 -128 -128 -128 -128 -128 -128 -128
  -128 -128 -128 -127 -128 -128 -126 -128 -128 -128 -128 -128 -128 -128 -128 -128 -128 -128 -127 -128 -128 -128 -128
  -128 -128 -128 -127 -128 -128 -128 -128 -128 -128 -128 -128 -128 -128 -128 -128 -128 -128 -127 -128 -128 -128 -128
  -128 -128 -128 -128 -128 -128 -127 -128 -128 -128 -128 -128 -128 -128 -128 -128 -128 -128 -128 -128 -128 -128 -128
  -128 -128 -128 -128 -128 -128 -128 -128 -128 -128 -128 -128 -128 -128 -128 -128 -127 -128 -128 -128 -128 -128 -128
  -128 -128 -128 -128 -128 -128 -128 -128 -128 -128 -120 -128 -128 -128 -128 -128 -128 -128 -128 -128 -126 -128 -128
  -127 -128 -128 -128 -128 -128 -128 -128 -128 -128 -128 -128 -128 -128 -128 -128 -128 -128 -128 -128 -128 -128 -126
  -128 -128 -128 -128 -128 -127 -128 -128 -128 -128 -127 -128 -128 -128 -128 -128 -128 -128 -128 -128 -128 -128 -128
  -128 -128 -128 -128 -128 -128 -128 -128 -128 -128 -128 -128 -127 -128 -128 -128 -128 -128 -128 -128 -128 -128 -128
  -127 -128 -128 -128 -128 -128 -128 -128 -128 -128 -128 -128 -128 -128 -128 -128 -128 -128 -128 -128 -128 -128 -128
  -128 -128 -127 -128 -128 -128 -128 -128 -128 -128 -128 -128 -128 -128 -128 -128 -128 -128 -128 -128 -128 -128 -128
  -128 -128 -128 -128 -128 -128 -128 -128 -128 -128 -128 -128 -127 -128 -128 -128 -128 -128 -128 -128 -128 -128 -128
  -128 -128 -128 -128 -128 -128 -128 -128 -128 -128 -128 -128 -128 -128 -128 -128 -128 -128 -128 -128 -128 -128 -127
  -128 -128 -128 -128 -128 -128 -128 -128 -128 -127 -128 -128 -128 -128 -128 -127 -128 -128 -128 -128 -128 -128 -125
  -128 -127 -127 -128 -128 -128 -128 -128 -128 -128 -128 -128 -128 -127 -128 -128 -127 -128 -128 -128 -128 -128 -128
  -128 -128 -128 -128 -128 -128 -128 -128 -128 -128 -128 -127 -128 -128 -128 -127 -128 -128 -128 -128 -128 -128 -128
  -128 -128 -128 -128 -128 -128 -128 -128 -127 -128 -128 -128 -128 -128 -128 -128 -128 -128 -128 -128 -128 -128 -128
  -127 -128 -128 -127 -128 -128 -128 -128 -128 -127 -128 -128 -128 -128 -128 -128 -128 -128 -128 -127 -128 -128 -128
  -128 -128 -128 -128 -128 -128 -128 -128 -128 -128 -128 -128 -128 -127 -128 -128 -128 -127 -128 -128 -128 -128 -128
  -128 -105 -127 -128 -128 -128 -128 -127 -128 -128 -128 -128 -128 -128 -128 -128 -128 -128 -128 -127 -128 -128 -128
  -128 -128 -128 -128 -128 -127 -128 -128 -128 -128 -128 -127 -128 -128 -128 -128 -128 -128 -127 -128 -128 -128 -128
  -128 -128 -128 -128 -128 -128 -128 -128 -128 -128 -128 -128 -128 -128 -126 -128 -128 -128 -128 -128 -128 -128 -128
  -128 -128 -128 -128 -128 -128 -128 -128 -128 -128 -128 -128 -128 -128 -128 -128 -128 -127 -128 -128 -128 -128 -128
  -128 -128 -128 -128 -128 -128 -128 -127 -127 -128 -128 -128 -128 -128 -128 -127 -128 -128 -128 -128 -128 -128 -128
  -128 -128 -128 -128 -128 -128 -128 -128 -128 -128 -128 -128 -128 -128 -128 -128 -128 -128 -126 -127 -128 -128 -128
  -128 -128 -128 -128 -128 -128 -128 -128 -128 -128 -128]]
