MODEL : efficientnetv2_b0_bnless_int8.tflite
OP #271: MUL

=== INPUT0 ===
name    : build_efficientnetv2_b0_full_bnless/block6h_se_expand/Relu6;build_efficientnetv2_b0_full_bnless/block6h_se_expand/add;build_efficientnetv2_b0_full_bnless/block6h_se_expand/BiasAdd/ReadVariableOp;build_efficientnetv2_b0_full_bnless/block6h_se_expand/BiasAdd;build_efficientnetv2_b0_full_bnless/block6h_se_expand/Conv2D;build_efficientnetv2_b0_full_bnless/block1a_project_activation/add/y1
index   : 468
shape   : [1, 1, 1, 1152]
dtype   : <class 'numpy.int8'>
quant   : {'scales': [0.0235294122248888], 'zero_points': [-128], 'axis': 0, 'scale_tuple': 0.0235294122248888, 'zp_tuple': -128}
values(int):
[[[[ -93  -89  -43  -43  -55 -102  -96    1 -105  -63  -30  -65  -84  -81  -92  -81  -79 -128  -54  -79 -104  -85
    -114  -77  -75  -93  -73  -87  -65  -74  -91 -128  117   19  -75 -109 -128 -112  -79  -78 -101  -93  -23  -93
     -89  -85  -92  -73  -79 -106  -62 -108  -93  -84 -100  -77  -80  -88  -80  -91  -78  -85  -63 -102  -97  -98
    -119  -69  -80 -108 -113 -107  -96 -124 -103  -88  -86 -121  -82 -106  -64  -20  -81  -57 -112  -79  -83  -95
     -79  -66  -89  -56  -89  -16  -80  -49  -85  -88  -86  -87  -82  -54 -104  -99  -76 -128  -78  -65  -94  -76
    -102  -85  -90  -60  -93 -128  -91 -128  -85 -120  -50  -94 -106  -82  -74 -128  -82  -92  -91  -84  -86  -91
     -73  -81  -58  -16  -91  -92  -63  -83  -93  -69  -67  -77 -128  -91  -88  -41  -90  -93  -31  -91  -88   25
    -107  -76  -98   47  -27 -108 -128 -103 -119  -68  -85 -128 -113 -128 -113 -101  -37  -86  -72 -128 -102  -83
    -100  -80  -97  -60 -128 -128  -81 -100 -123  -70  -67   59 -108  -68 -128  -79  -72  -81  -96 -119  -96  -71
     -90  -99  -81  -42 -112  -68  -95 -100 -102 -105  -95  -78 -105  -80  -84 -122 -117  -72  -81  -75 -109 -110
     -69 -101 -105  -62  -81  -64 -114  -73 -121 -109  -91  -48  -88  -67 -128  -96 -128  -95  -97  -88  -95  -17
     -43  -82   -5 -102  -62  -79  -79  -42 -128  -94  -78  -96 -102  -78  -97  -96 -101 -109 -101  -76  -94  -80
     -48 -113  -67 -117  -46  -88  -83  -84  -13  -49  -45  -70   66  -78  -77  -96 -125  -76   -9  -67 -128  -88
      25  -74  -51 -105  -62  -42 -116  -95  -86  -93 -100  -63 -114  -68  -74  -79 -118  -88  -79 -113  -49  -74
     -72 -127  -44  -87 -128  -91  -37  -92  -95  -88 -107  -64  -86  -42  -59  -59 -120  -83   51 -108  -96 -101
     -77  -81  -96  -74  -94  -48 -113 -102  -94  -70 -128  -96  -88  -40  -59  -50 -105 -122  -87  -87 -100  -81
    -123    1  -26  -71  -67  -91 -115  -95  -86  -87 -105  -69  -41  -89 -107  -95 -103   14  -97 -128  -93   74
    -105  -95 -128 -106 -118 -122  -87  -79   -3 -107 -128 -117 -100  -95  -65  -96 -106  -98  -94  -96 -102 -103
     -32 -102  -78 -108 -128  -80  -85  -78  -58 -104 -108 -101  -19 -122 -128  -71  -72  -95  -67  -62  -57 -104
     -38  -72 -128  -49  -75  -83  -90  -15   22  -83 -128  -94  -20  -95  -82 -107 -128  -76  -98 -111  -73  -80
     -63 -121  -60  -83  -81  -86  -15  -28 -109  -90  -63  -75  -76 -109  -67  -42  -92  -11  -96  -64 -128  -81
    -111  -85  -88   24  -94  -73  -74  -85  -56  -77    3  -99  -82  -84  -79  -45 -128  -87  -87  -84  -88 -123
     -71  -71  -69  -73 -128  -50  -76  -98  -82  -89 -112  -58  -74  -86  -89  -75 -123 -101 -117  -70  -88 -128
     -87 -106  -78  -15  -83  -60  -80 -128  -98  -79 -125 -112  -65 -113  -66 -118 -110  -88   32  -94  -79  -82
     -77 -128 -112  -97 -104  -69  -81  -70 -107  -66  -90  -91  -91  -37 -128  -70 -109 -122  -76  -78  -92  -95
    -114  -83 -100  -98 -111  -82  -46  -84  -75  -83  -91  -82 -114 -128 -128 -117 -110  -72 -108  -84 -113  -89
     -80   18  -90  -91  -77  -76  -34  -85  -69 -112  -68    5 -109  -98  -12  -92 -127  -89  -85 -119 -125 -115
     -91 -124   15  -16 -127  -29  -78  -69  -87  -57  -71  -58  -53 -102  -65 -110  -93  -88  -59  -83  -89 -114
     -68  -96  -84  -90 -104 -109 -101  -87  -41  -93  -78  -84  -72 -128 -128 -110  -82 -128  -94  -96 -100 -101
    -128  -69  -81   -4  -93  -86 -114  -76  -71  -57  -90  -93  -95  -64  -94  -85 -128 -111  -64  -97 -119 -128
     -97  -77  -82  -66  -74  -74 -128    8  -96  -99    9 -125  -87  -77 -107  -91   96  -88  -82 -120  -90  -77
     -58  -96  -92  -64  -80 -108  -77  -65  -45 -111  -57  -77  -85  -92  -95  -63 -128  -88  -93  -29  -75  -84
     -54  -92   -8 -122  -96 -128  -73 -128  -84  -52  -92  -94 -124  -99  -71  -75 -104   65 -113 -105  -72  -50
     -41  -26 -118 -123  -92 -108  -93   26  -80  -87   59  -99 -112 -127  -86  -54  -49  -99  -17   36  -81  -84
     -90 -127  -86  -70  -56  -83  -84  -77 -103 -127 -128  -97  -81  -74  -77 -114 -104 -128  -30  -29  -86  -24
     -97  -87  -93  -91  -26   -5  -63  -25 -109  -80  -82  -79 -107  -60  -77 -117  -22  -24 -122  -82  -92  -53
     -82 -121 -105  -99  -94  -39  -42  -90  -84  -83  -93  -84  -91  -35  -85  -66  -70  -59 -118  -45  -91  -65
     -70  -71    9 -103  -91 -115 -122  -57  -85  -65  -81 -128 -102  -61  -55  -81  -75  -76 -128  -74  112  -79
     -97   23  -80  -79  -77  -99 -121  -93 -105  -97  -17  -92  -55  -90  -82   24 -101  -33  -68  -73  -35 -128
    -109  -68  -89  -98  -64 -115  -40  -65  -23  -78  -71  -91  -73  -44 -128 -114 -128  -85  -50  -52 -118 -104
     -73 -110  -16  -20 -128 -128 -103  -78  -88  -72  -80 -122  -68  -74  -67 -121  -34  -70 -103  -73 -126  -58
     -81 -107  -69  -83  -91  -70  -89  -93  -85 -128 -105  -81  -87  -95  -61  -75 -128  -69  -63  -78  -64  -92
     -90 -128  -89  -90  -81  -96  -24  -88  -91 -128    0  -64 -116  -75  -75 -123  -64  -70   14  -82  -91  -22
     -75  -72  -28 -110  -84  -83 -110  -90   59 -128  -87  -56  -60  -92  -96 -105  -48  -95  -61 -128  -83  -98
     -62   -6  -45  -89  -92  -86  -48  -88  -43  -78 -104  -85  -72  -94   50  -87 -122  -69 -114  -92  -82  -91
     -56 -114 -112  -85  -56  -86  -61  -76  -78  -83  -54  -76  -86  -78  -71  -56  -79  -85  -32  -94  -87  -89
     -64 -118  -68  -11  -83  -93  -10 -128  -77 -103 -128  -88   42 -107  -88 -101   16 -102    2  -99 -128  -94
     -83  -73  -87  -94  -81  -45  -52  -81 -101 -111  -86 -104  -94  -88  -64  -75 -128  -97  -80 -128 -110  -97
     -56   92  -78  -95  -88  -76  -85  -87  -57 -128  -92 -122  -90  -80  -99  -89  -77  -56  -90  -82 -106 -106
     -80 -128  -35  -81  -62 -128 -110 -116  -41 -113  -94  -79  -85  -85 -123 -101  -79  -77  -67  -81  -95  -57
     -91  -79  -81  -37    9  -70  -99  -81  -65 -102  -86  -76 -128  -98  -73 -115  -85  -82  -90  -92 -106  -52
    -102  -60  -23  -90  -30  -93  -99  -93  -75 -113 -114  -65  -28  -99  -75  -98  -93  -73  -88  -69  -97  -82
     -73  -73  -61  -62  -94  -99 -128  -94]]]]

=== INPUT1 ===
name    : build_efficientnetv2_b0_full_bnless/block2a_expand_activation/truediv;build_efficientnetv2_b0_full_bnless/block1a_project_activation/truediv/y
index   : 166
shape   : []
dtype   : <class 'numpy.int8'>
quant   : {'scales': [0.0006535947904922068], 'zero_points': [-128], 'axis': 0, 'scale_tuple': 0.0006535947904922068, 'zp_tuple': -128}
values(int):
127

=== OFM ===
name    : build_efficientnetv2_b0_full_bnless/block6h_se_expand/truediv;build_efficientnetv2_b0_full_bnless/block1a_project_activation/truediv/y
index   : 469
shape   : [1, 1, 1, 1152]
dtype   : <class 'numpy.int8'>
quant   : {'scales': [0.003921568859368563], 'zero_points': [-128], 'axis': 0, 'scale_tuple': 0.003921568859368563, 'zp_tuple': -128}
values(int):
[[[[ -93  -89  -43  -43  -55 -102  -96    1 -105  -63  -30  -65  -84  -81  -92  -81  -79 -128  -54  -79 -104  -85
    -114  -77  -75  -93  -73  -87  -65  -74  -91 -128  117   19  -75 -109 -128 -112  -79  -78 -101  -93  -23  -93
     -89  -85  -92  -73  -79 -106  -62 -108  -93  -84 -100  -77  -80  -88  -80  -91  -78  -85  -63 -102  -97  -98
    -119  -69  -80 -108 -113 -107  -96 -124 -103  -88  -86 -121  -82 -106  -64  -20  -81  -57 -112  -79  -83  -95
     -79  -66  -89  -56  -89  -16  -80  -49  -85  -88  -86  -87  -82  -54 -104  -99  -76 -128  -78  -65  -94  -76
    -102  -85  -90  -60  -93 -128  -91 -128  -85 -120  -50  -94 -106  -82  -74 -128  -82  -92  -91  -84  -86  -91
     -73  -81  -58  -16  -91  -92  -63  -83  -93  -69  -67  -77 -128  -91  -88  -41  -90  -93  -31  -91  -88   25
    -107  -76  -98   47  -27 -108 -128 -103 -119  -68  -85 -128 -113 -128 -113 -101  -37  -86  -72 -128 -102  -83
    -100  -80  -97  -60 -128 -128  -81 -100 -123  -70  -67   59 -108  -68 -128  -79  -72  -81  -96 -119  -96  -71
     -90  -99  -81  -42 -112  -68  -95 -100 -102 -105  -95  -78 -105  -80  -84 -122 -117  -72  -81  -75 -109 -110
     -69 -101 -105  -62  -81  -64 -114  -73 -121 -109  -91  -48  -88  -67 -128  -96 -128  -95  -97  -88  -95  -17
     -43  -82   -5 -102  -62  -79  -79  -42 -128  -94  -78  -96 -102  -78  -97  -96 -101 -109 -101  -76  -94  -80
     -48 -113  -67 -117  -46  -88  -83  -84  -13  -49  -45  -70   66  -78  -77  -96 -125  -76   -9  -67 -128  -88
      25  -74  -51 -105  -62  -42 -116  -95  -86  -93 -100  -63 -114  -68  -74  -79 -118  -88  -79 -113  -49  -74
     -72 -127  -44  -87 -128  -91  -37  -92  -95  -88 -107  -64  -86  -42  -59  -59 -120  -83   51 -108  -96 -101
     -77  -81  -96  -74  -94  -48 -113 -102  -94  -70 -128  -96  -88  -40  -59  -50 -105 -122  -87  -87 -100  -81
    -123    1  -26  -71  -67  -91 -115  -95  -86  -87 -105  -69  -41  -89 -107  -95 -103   14  -97 -128  -93   74
    -105  -95 -128 -106 -118 -122  -87  -79   -3 -107 -128 -117 -100  -95  -65  -96 -106  -98  -94  -96 -102 -103
     -32 -102  -78 -108 -128  -80  -85  -78  -58 -104 -108 -101  -19 -122 -128  -71  -72  -95  -67  -62  -57 -104
     -38  -72 -128  -49  -75  -83  -90  -15   22  -83 -128  -94  -20  -95  -82 -107 -128  -76  -98 -111  -73  -80
     -63 -121  -60  -83  -81  -86  -15  -28 -109  -90  -63  -75  -76 -109  -67  -42  -92  -11  -96  -64 -128  -81
    -111  -85  -88   24  -94  -73  -74  -85  -56  -77    3  -99  -82  -84  -79  -45 -128  -87  -87  -84  -88 -123
     -71  -71  -69  -73 -128  -50  -76  -98  -82  -89 -112  -58  -74  -86  -89  -75 -123 -101 -117  -70  -88 -128
     -87 -106  -78  -15  -83  -60  -80 -128  -98  -79 -125 -112  -65 -113  -66 -118 -110  -88   32  -94  -79  -82
     -77 -128 -112  -97 -104  -69  -81  -70 -107  -66  -90  -91  -91  -37 -128  -70 -109 -122  -76  -78  -92  -95
    -114  -83 -100  -98 -111  -82  -46  -84  -75  -83  -91  -82 -114 -128 -128 -117 -110  -72 -108  -84 -113  -89
     -80   18  -90  -91  -77  -76  -34  -85  -69 -112  -68    5 -109  -98  -12  -92 -127  -89  -85 -119 -125 -115
     -91 -124   15  -16 -127  -29  -78  -69  -87  -57  -71  -58  -53 -102  -65 -110  -93  -88  -59  -83  -89 -114
     -68  -96  -84  -90 -104 -109 -101  -87  -41  -93  -78  -84  -72 -128 -128 -110  -82 -128  -94  -96 -100 -101
    -128  -69  -81   -4  -93  -86 -114  -76  -71  -57  -90  -93  -95  -64  -94  -85 -128 -111  -64  -97 -119 -128
     -97  -77  -82  -66  -74  -74 -128    8  -96  -99    9 -125  -87  -77 -107  -91   96  -88  -82 -120  -90  -77
     -58  -96  -92  -64  -80 -108  -77  -65  -45 -111  -57  -77  -85  -92  -95  -63 -128  -88  -93  -29  -75  -84
     -54  -92   -8 -122  -96 -128  -73 -128  -84  -52  -92  -94 -124  -99  -71  -75 -104   65 -113 -105  -72  -50
     -41  -26 -118 -123  -92 -108  -93   26  -80  -87   59  -99 -112 -127  -86  -54  -49  -99  -17   36  -81  -84
     -90 -127  -86  -70  -56  -83  -84  -77 -103 -127 -128  -97  -81  -74  -77 -114 -104 -128  -30  -29  -86  -24
     -97  -87  -93  -91  -26   -5  -63  -25 -109  -80  -82  -79 -107  -60  -77 -117  -22  -24 -122  -82  -92  -53
     -82 -121 -105  -99  -94  -39  -42  -90  -84  -83  -93  -84  -91  -35  -85  -66  -70  -59 -118  -45  -91  -65
     -70  -71    9 -103  -91 -115 -122  -57  -85  -65  -81 -128 -102  -61  -55  -81  -75  -76 -128  -74  112  -79
     -97   23  -80  -79  -77  -99 -121  -93 -105  -97  -17  -92  -55  -90  -82   24 -101  -33  -68  -73  -35 -128
    -109  -68  -89  -98  -64 -115  -40  -65  -23  -78  -71  -91  -73  -44 -128 -114 -128  -85  -50  -52 -118 -104
     -73 -110  -16  -20 -128 -128 -103  -78  -88  -72  -80 -122  -68  -74  -67 -121  -34  -70 -103  -73 -126  -58
     -81 -107  -69  -83  -91  -70  -89  -93  -85 -128 -105  -81  -87  -95  -61  -75 -128  -69  -63  -78  -64  -92
     -90 -128  -89  -90  -81  -96  -24  -88  -91 -128    0  -64 -116  -75  -75 -123  -64  -70   14  -82  -91  -22
     -75  -72  -28 -110  -84  -83 -110  -90   59 -128  -87  -56  -60  -92  -96 -105  -48  -95  -61 -128  -83  -98
     -62   -6  -45  -89  -92  -86  -48  -88  -43  -78 -104  -85  -72  -94   50  -87 -122  -69 -114  -92  -82  -91
     -56 -114 -112  -85  -56  -86  -61  -76  -78  -83  -54  -76  -86  -78  -71  -56  -79  -85  -32  -94  -87  -89
     -64 -118  -68  -11  -83  -93  -10 -128  -77 -103 -128  -88   42 -107  -88 -101   16 -102    2  -99 -128  -94
     -83  -73  -87  -94  -81  -45  -52  -81 -101 -111  -86 -104  -94  -88  -64  -75 -128  -97  -80 -128 -110  -97
     -56   92  -78  -95  -88  -76  -85  -87  -57 -128  -92 -122  -90  -80  -99  -89  -77  -56  -90  -82 -106 -106
     -80 -128  -35  -81  -62 -128 -110 -116  -41 -113  -94  -79  -85  -85 -123 -101  -79  -77  -67  -81  -95  -57
     -91  -79  -81  -37    9  -70  -99  -81  -65 -102  -86  -76 -128  -98  -73 -115  -85  -82  -90  -92 -106  -52
    -102  -60  -23  -90  -30  -93  -99  -93  -75 -113 -114  -65  -28  -99  -75  -98  -93  -73  -88  -69  -97  -82
     -73  -73  -61  -62  -94  -99 -128  -94]]]]

--- VERIFY MUL (elementwise) ---
real_mult=(s_x*s_y)/s_z=0.00392156858773 -> M=1077952565, n=7
idx | x | y | (x-zpx) | (y-zpy) | prod | SRDHM(prod,M) | Rshift | y_calc | y_ref | match
(0, 0, 0, 0) | -93 | 127 | 35 | 255 | 8925 | 4480 | >>7 | -93 | -93 | OK
(0, 0, 0, 1) | -89 | 127 | 39 | 255 | 9945 | 4992 | >>7 | -89 | -89 | OK
(0, 0, 0, 2) | -43 | 127 | 85 | 255 | 21675 | 10880 | >>7 | -43 | -43 | OK
(0, 0, 0, 3) | -43 | 127 | 85 | 255 | 21675 | 10880 | >>7 | -43 | -43 | OK
(0, 0, 0, 4) | -55 | 127 | 73 | 255 | 18615 | 9344 | >>7 | -55 | -55 | OK
(0, 0, 0, 5) | -102 | 127 | 26 | 255 | 6630 | 3328 | >>7 | -102 | -102 | OK
(0, 0, 0, 6) | -96 | 127 | 32 | 255 | 8160 | 4096 | >>7 | -96 | -96 | OK
(0, 0, 0, 7) | 1 | 127 | 129 | 255 | 32895 | 16512 | >>7 | 1 | 1 | OK
(0, 0, 0, 0) | -93 | 127 | 35 | 255 | 8925 | 4480 | >>7 | -93 | -93 | OK
(0, 0, 0, 1) | -89 | 127 | 39 | 255 | 9945 | 4992 | >>7 | -89 | -89 | OK
(0, 0, 0, 2) | -43 | 127 | 85 | 255 | 21675 | 10880 | >>7 | -43 | -43 | OK
(0, 0, 0, 3) | -43 | 127 | 85 | 255 | 21675 | 10880 | >>7 | -43 | -43 | OK
(0, 0, 0, 4) | -55 | 127 | 73 | 255 | 18615 | 9344 | >>7 | -55 | -55 | OK
(0, 0, 0, 5) | -102 | 127 | 26 | 255 | 6630 | 3328 | >>7 | -102 | -102 | OK
(0, 0, 0, 6) | -96 | 127 | 32 | 255 | 8160 | 4096 | >>7 | -96 | -96 | OK
(0, 0, 0, 7) | 1 | 127 | 129 | 255 | 32895 | 16512 | >>7 | 1 | 1 | OK
(0, 0, 0, 8) | -105 | 127 | 23 | 255 | 5865 | 2944 | >>7 | -105 | -105 | OK
(0, 0, 0, 9) | -63 | 127 | 65 | 255 | 16575 | 8320 | >>7 | -63 | -63 | OK
(0, 0, 0, 10) | -30 | 127 | 98 | 255 | 24990 | 12544 | >>7 | -30 | -30 | OK
(0, 0, 0, 11) | -65 | 127 | 63 | 255 | 16065 | 8064 | >>7 | -65 | -65 | OK
(0, 0, 0, 12) | -84 | 127 | 44 | 255 | 11220 | 5632 | >>7 | -84 | -84 | OK
(0, 0, 0, 13) | -81 | 127 | 47 | 255 | 11985 | 6016 | >>7 | -81 | -81 | OK
(0, 0, 0, 14) | -92 | 127 | 36 | 255 | 9180 | 4608 | >>7 | -92 | -92 | OK
(0, 0, 0, 15) | -81 | 127 | 47 | 255 | 11985 | 6016 | >>7 | -81 | -81 | OK
(0, 0, 0, 16) | -79 | 127 | 49 | 255 | 12495 | 6272 | >>7 | -79 | -79 | OK
(0, 0, 0, 17) | -128 | 127 | 0 | 255 | 0 | 0 | >>7 | -128 | -128 | OK
(0, 0, 0, 18) | -54 | 127 | 74 | 255 | 18870 | 9472 | >>7 | -54 | -54 | OK
(0, 0, 0, 19) | -79 | 127 | 49 | 255 | 12495 | 6272 | >>7 | -79 | -79 | OK
(0, 0, 0, 20) | -104 | 127 | 24 | 255 | 6120 | 3072 | >>7 | -104 | -104 | OK
(0, 0, 0, 21) | -85 | 127 | 43 | 255 | 10965 | 5504 | >>7 | -85 | -85 | OK
(0, 0, 0, 22) | -114 | 127 | 14 | 255 | 3570 | 1792 | >>7 | -114 | -114 | OK
(0, 0, 0, 23) | -77 | 127 | 51 | 255 | 13005 | 6528 | >>7 | -77 | -77 | OK
(0, 0, 0, 24) | -75 | 127 | 53 | 255 | 13515 | 6784 | >>7 | -75 | -75 | OK
(0, 0, 0, 25) | -93 | 127 | 35 | 255 | 8925 | 4480 | >>7 | -93 | -93 | OK
(0, 0, 0, 26) | -73 | 127 | 55 | 255 | 14025 | 7040 | >>7 | -73 | -73 | OK
(0, 0, 0, 27) | -87 | 127 | 41 | 255 | 10455 | 5248 | >>7 | -87 | -87 | OK
(0, 0, 0, 28) | -65 | 127 | 63 | 255 | 16065 | 8064 | >>7 | -65 | -65 | OK
(0, 0, 0, 29) | -74 | 127 | 54 | 255 | 13770 | 6912 | >>7 | -74 | -74 | OK
(0, 0, 0, 30) | -91 | 127 | 37 | 255 | 9435 | 4736 | >>7 | -91 | -91 | OK
(0, 0, 0, 31) | -128 | 127 | 0 | 255 | 0 | 0 | >>7 | -128 | -128 | OK
(0, 0, 0, 32) | 117 | 127 | 245 | 255 | 62475 | 31360 | >>7 | 117 | 117 | OK
(0, 0, 0, 33) | 19 | 127 | 147 | 255 | 37485 | 18816 | >>7 | 19 | 19 | OK
(0, 0, 0, 34) | -75 | 127 | 53 | 255 | 13515 | 6784 | >>7 | -75 | -75 | OK
(0, 0, 0, 35) | -109 | 127 | 19 | 255 | 4845 | 2432 | >>7 | -109 | -109 | OK
(0, 0, 0, 36) | -128 | 127 | 0 | 255 | 0 | 0 | >>7 | -128 | -128 | OK
(0, 0, 0, 37) | -112 | 127 | 16 | 255 | 4080 | 2048 | >>7 | -112 | -112 | OK
(0, 0, 0, 38) | -79 | 127 | 49 | 255 | 12495 | 6272 | >>7 | -79 | -79 | OK
(0, 0, 0, 39) | -78 | 127 | 50 | 255 | 12750 | 6400 | >>7 | -78 | -78 | OK
(0, 0, 0, 40) | -101 | 127 | 27 | 255 | 6885 | 3456 | >>7 | -101 | -101 | OK
(0, 0, 0, 41) | -93 | 127 | 35 | 255 | 8925 | 4480 | >>7 | -93 | -93 | OK
(0, 0, 0, 42) | -23 | 127 | 105 | 255 | 26775 | 13440 | >>7 | -23 | -23 | OK
(0, 0, 0, 43) | -93 | 127 | 35 | 255 | 8925 | 4480 | >>7 | -93 | -93 | OK
(0, 0, 0, 44) | -89 | 127 | 39 | 255 | 9945 | 4992 | >>7 | -89 | -89 | OK
(0, 0, 0, 45) | -85 | 127 | 43 | 255 | 10965 | 5504 | >>7 | -85 | -85 | OK
(0, 0, 0, 46) | -92 | 127 | 36 | 255 | 9180 | 4608 | >>7 | -92 | -92 | OK
(0, 0, 0, 47) | -73 | 127 | 55 | 255 | 14025 | 7040 | >>7 | -73 | -73 | OK
(0, 0, 0, 48) | -79 | 127 | 49 | 255 | 12495 | 6272 | >>7 | -79 | -79 | OK
(0, 0, 0, 49) | -106 | 127 | 22 | 255 | 5610 | 2816 | >>7 | -106 | -106 | OK
(0, 0, 0, 50) | -62 | 127 | 66 | 255 | 16830 | 8448 | >>7 | -62 | -62 | OK
(0, 0, 0, 51) | -108 | 127 | 20 | 255 | 5100 | 2560 | >>7 | -108 | -108 | OK
(0, 0, 0, 52) | -93 | 127 | 35 | 255 | 8925 | 4480 | >>7 | -93 | -93 | OK
(0, 0, 0, 53) | -84 | 127 | 44 | 255 | 11220 | 5632 | >>7 | -84 | -84 | OK
(0, 0, 0, 54) | -100 | 127 | 28 | 255 | 7140 | 3584 | >>7 | -100 | -100 | OK
(0, 0, 0, 55) | -77 | 127 | 51 | 255 | 13005 | 6528 | >>7 | -77 | -77 | OK
