MODEL : efficientnetv2_b0_bnless_int8.tflite
OP #280: DEQUANTIZE

=== IFM0 ===
name    : StatefulPartitionedCall:01
index   : 477
shape   : [1, 1000]
dtype   : <class 'numpy.int8'>
quant   : {'scales': [0.00390625], 'zero_points': [-128], 'axis': 0, 'scale_tuple': 0.00390625, 'zp_tuple': -128}
values(int):
[[-128 -128 -128 -128 -128 -128 -128 -128 -128 -128 -128 -128 -128 -128 -128 -128 -128 -128 -127 -128 -128 -127 -128
  -127 -128 -128 -128 -128 -128 -128 -128 -128 -128 -128 -128 -128 -128 -128 -128 -128 -128 -128 -127 -128 -128 -128
  -127 -128 -128 -128 -128 -128 -128 -128 -128 -128 -128 -127 -128 -128 -128 -128 -128 -128 -128 -128 -127 -127 -127
  -128 -128 -128 -128 -128 -128 -128 -128 -128 -127 -127 -128 -128 -127 -128 -127 -128 -128 -128 -128 -128 -128 -128
  -127 -128 -128 -128 -128 -128 -128 -127 -128 -128 -127 -128 -128 -128 -128 -127 -128 -128 -128 -128 -128 -128 -127
  -128 -128 -128 -128 -128 -128 -128 -128 -128 -128 -128 -128 -127 -127 -128 -128 -128 -127 -127 -128 -128 -128 -128
  -127 -128 -128 -128 -128 -128 -128 -128 -128 -128 -128 -128 -128 -128 -128 -128 -127 -128 -128 -128 -128 -128 -128
  -128 -128 -128 -128 -128 -128 -128 -128 -128 -128 -128 -128 -128 -128 -128 -128 -128 -127 -128 -128 -128 -128 -128
  -128 -127 -128 -128 -128 -128 -128 -128 -128 -128 -128 -128 -128 -128 -128 -128 -128 -127 -128 -128 -128 -128 -128
  -128 -128 -128 -128 -128 -128 -128 -128 -128 -128 -128 -128 -128 -128 -128 -128 -128 -128 -128 -128 -128 -128 -128
  -128 -128 -128 -128 -128 -128 -127 -128 -128 -128 -128 -128 -128 -128 -128 -128 -128 -128 -128 -128 -128 -128 -128
  -128 -128 -128 -128 -128 -128 -128 -128 -128 -128 -128 -128 -128 -128 -128 -128 -128 -128 -128 -128 -128 -128 -128
  -128 -128 -128 -128 -128 -127 -128 -128 -128 -128 -128 -128 -128 -128 -128 -128 -128 -128 -128 -128 -128 -128 -127
  -127 -128 -127 -128 -128 -128 -127 -128 -128 -128 -128 -127 -128 -127 -127 -128 -128 -127 -127 -127 -128 -128 -128
  -128 -128 -128 -128 -128 -128 -128 -128 -127 -127 -128 -128 -128 -128 -128 -128 -128 -128 -128 -128 -128 -128 -128
  -128 -128 -128 -128 -128 -128 -128 -128 -128 -128 -128 -128 -128 -128 -128 -128 -127 -128 -127 -128 -128 -128 -128
  -128 -128 -128 -128 -128 -128 -128 -128 -128 -128 -128 -128 -128 -128 -128 -128 -128 -128 -128 -128 -128 -128 -128
  -128 -128 -128 -128 -128 -128 -128 -128 -128 -128 -128 -128 -128 -128 -128 -128 -128 -128 -128 -128 -126 -127 -128
  -128 -128 -128 -128 -128 -128 -128 -128 -128 -128 -128 -128 -128 -128 -128 -127 -128 -128 -128 -128 -128 -128 -128
  -128 -128 -128 -127 -128 -128 -126 -128 -128 -128 -128 -128 -128 -128 -128 -128 -128 -128 -127 -128 -128 -128 -128
  -128 -128 -128 -127 -128 -128 -128 -128 -128 -128 -128 -128 -128 -128 -128 -128 -128 -128 -127 -128 -128 -128 -128
  -128 -128 -128 -128 -128 -128 -127 -128 -128 -128 -128 -128 -128 -128 -128 -128 -128 -128 -128 -128 -128 -128 -128
  -128 -128 -128 -128 -128 -128 -128 -128 -128 -128 -128 -128 -128 -128 -128 -128 -127 -128 -128 -128 -128 -128 -128
  -128 -128 -128 -128 -128 -128 -128 -128 -128 -128 -120 -128 -128 -128 -128 -128 -128 -128 -128 -128 -126 -128 -128
  -127 -128 -128 -128 -128 -128 -128 -128 -128 -128 -128 -128 -128 -128 -128 -128 -128 -128 -128 -128 -128 -128 -126
  -128 -128 -128 -128 -128 -127 -128 -128 -128 -128 -127 -128 -128 -128 -128 -128 -128 -128 -128 -128 -128 -128 -128
  -128 -128 -128 -128 -128 -128 -128 -128 -128 -128 -128 -128 -127 -128 -128 -128 -128 -128 -128 -128 -128 -128 -128
  -127 -128 -128 -128 -128 -128 -128 -128 -128 -128 -128 -128 -128 -128 -128 -128 -128 -128 -128 -128 -128 -128 -128
  -128 -128 -127 -128 -128 -128 -128 -128 -128 -128 -128 -128 -128 -128 -128 -128 -128 -128 -128 -128 -128 -128 -128
  -128 -128 -128 -128 -128 -128 -128 -128 -128 -128 -128 -128 -127 -128 -128 -128 -128 -128 -128 -128 -128 -128 -128
  -128 -128 -128 -128 -128 -128 -128 -128 -128 -128 -128 -128 -128 -128 -128 -128 -128 -128 -128 -128 -128 -128 -127
  -128 -128 -128 -128 -128 -128 -128 -128 -128 -127 -128 -128 -128 -128 -128 -127 -128 -128 -128 -128 -128 -128 -125
  -128 -127 -127 -128 -128 -128 -128 -128 -128 -128 -128 -128 -128 -127 -128 -128 -127 -128 -128 -128 -128 -128 -128
  -128 -128 -128 -128 -128 -128 -128 -128 -128 -128 -128 -127 -128 -128 -128 -127 -128 -128 -128 -128 -128 -128 -128
  -128 -128 -128 -128 -128 -128 -128 -128 -127 -128 -128 -128 -128 -128 -128 -128 -128 -128 -128 -128 -128 -128 -128
  -127 -128 -128 -127 -128 -128 -128 -128 -128 -127 -128 -128 -128 -128 -128 -128 -128 -128 -128 -127 -128 -128 -128
  -128 -128 -128 -128 -128 -128 -128 -128 -128 -128 -128 -128 -128 -127 -128 -128 -128 -127 -128 -128 -128 -128 -128
  -128 -105 -127 -128 -128 -128 -128 -127 -128 -128 -128 -128 -128 -128 -128 -128 -128 -128 -128 -127 -128 -128 -128
  -128 -128 -128 -128 -128 -127 -128 -128 -128 -128 -128 -127 -128 -128 -128 -128 -128 -128 -127 -128 -128 -128 -128
  -128 -128 -128 -128 -128 -128 -128 -128 -128 -128 -128 -128 -128 -128 -126 -128 -128 -128 -128 -128 -128 -128 -128
  -128 -128 -128 -128 -128 -128 -128 -128 -128 -128 -128 -128 -128 -128 -128 -128 -128 -127 -128 -128 -128 -128 -128
  -128 -128 -128 -128 -128 -128 -128 -127 -127 -128 -128 -128 -128 -128 -128 -127 -128 -128 -128 -128 -128 -128 -128
  -128 -128 -128 -128 -128 -128 -128 -128 -128 -128 -128 -128 -128 -128 -128 -128 -128 -128 -126 -127 -128 -128 -128
  -128 -128 -128 -128 -128 -128 -128 -128 -128 -128 -128]]

=== IFM1 ===
N/A

=== BIAS ===
N/A

=== OFM ===
name    : StatefulPartitionedCall:0
index   : 478
shape   : [1, 1000]
dtype   : <class 'numpy.float32'>
quant   : {'scales': [], 'zero_points': [], 'axis': 0, 'scale_tuple': 0.0, 'zp_tuple': 0}
values(int):
[[0.         0.         0.         0.         0.         0.         0.         0.         0.         0.
  0.         0.         0.         0.         0.         0.         0.         0.         0.00390625 0.
  0.         0.00390625 0.         0.00390625 0.         0.         0.         0.         0.         0.
  0.         0.         0.         0.         0.         0.         0.         0.         0.         0.
  0.         0.         0.00390625 0.         0.         0.         0.00390625 0.         0.         0.
  0.         0.         0.         0.         0.         0.         0.         0.00390625 0.         0.
  0.         0.         0.         0.         0.         0.         0.00390625 0.00390625 0.00390625 0.
  0.         0.         0.         0.         0.         0.         0.         0.         0.00390625 0.00390625
  0.         0.         0.00390625 0.         0.00390625 0.         0.         0.         0.         0.
  0.         0.         0.00390625 0.         0.         0.         0.         0.         0.         0.00390625
  0.         0.         0.00390625 0.         0.         0.         0.         0.00390625 0.         0.
  0.         0.         0.         0.         0.00390625 0.         0.         0.         0.         0.
  0.         0.         0.         0.         0.         0.         0.         0.00390625 0.00390625 0.
  0.         0.         0.00390625 0.00390625 0.         0.         0.         0.         0.00390625 0.
  0.         0.         0.         0.         0.         0.         0.         0.         0.         0.
  0.         0.         0.         0.         0.00390625 0.         0.         0.         0.         0.
  0.         0.         0.         0.         0.         0.         0.         0.         0.         0.
  0.         0.         0.         0.         0.         0.         0.         0.         0.00390625 0.
  0.         0.         0.         0.         0.         0.00390625 0.         0.         0.         0.
  0.         0.         0.         0.         0.         0.         0.         0.         0.         0.
  0.         0.00390625 0.         0.         0.         0.         0.         0.         0.         0.
  0.         0.         0.         0.         0.         0.         0.         0.         0.         0.
  0.         0.         0.         0.         0.         0.         0.         0.         0.         0.
  0.         0.         0.         0.         0.         0.         0.00390625 0.         0.         0.
  0.         0.         0.         0.         0.         0.         0.         0.         0.         0.
  0.         0.         0.         0.         0.         0.         0.         0.         0.         0.
  0.         0.         0.         0.         0.         0.         0.         0.         0.         0.
  0.         0.         0.         0.         0.         0.         0.         0.         0.         0.
  0.         0.00390625 0.         0.         0.         0.         0.         0.         0.         0.
  0.         0.         0.         0.         0.         0.         0.         0.         0.00390625 0.00390625
  0.         0.00390625 0.         0.         0.         0.00390625 0.         0.         0.         0.
  0.00390625 0.         0.00390625 0.00390625 0.         0.         0.00390625 0.00390625 0.00390625 0.
  0.         0.         0.         0.         0.         0.         0.         0.         0.         0.
  0.00390625 0.00390625 0.         0.         0.         0.         0.         0.         0.         0.
  0.         0.         0.         0.         0.         0.         0.         0.         0.         0.
  0.         0.         0.         0.         0.         0.         0.         0.         0.         0.
  0.         0.00390625 0.         0.00390625 0.         0.         0.         0.         0.         0.
  0.         0.         0.         0.         0.         0.         0.         0.         0.         0.
  0.         0.         0.         0.         0.         0.         0.         0.         0.         0.
  0.         0.         0.         0.         0.         0.         0.         0.         0.         0.
  0.         0.         0.         0.         0.         0.         0.         0.         0.         0.
  0.         0.0078125  0.00390625 0.         0.         0.         0.         0.         0.         0.
  0.         0.         0.         0.         0.         0.         0.         0.         0.         0.00390625
  0.         0.         0.         0.         0.         0.         0.         0.         0.         0.
  0.00390625 0.         0.         0.0078125  0.         0.         0.         0.         0.         0.
  0.         0.         0.         0.         0.         0.00390625 0.         0.         0.         0.
  0.         0.         0.         0.00390625 0.         0.         0.         0.         0.         0.
  0.         0.         0.         0.         0.         0.         0.         0.         0.00390625 0.
  0.         0.         0.         0.         0.         0.         0.         0.         0.         0.00390625
  0.         0.         0.         0.         0.         0.         0.         0.         0.         0.
  0.         0.         0.         0.         0.         0.         0.         0.         0.         0.
  0.         0.         0.         0.         0.         0.         0.         0.         0.         0.
  0.         0.         0.00390625 0.         0.         0.         0.         0.         0.         0.
  0.         0.         0.         0.         0.         0.         0.         0.         0.         0.03125
  0.         0.         0.         0.         0.         0.         0.         0.         0.         0.0078125
  0.         0.         0.00390625 0.         0.         0.         0.         0.         0.         0.
  0.         0.         0.         0.         0.         0.         0.         0.         0.         0.
  0.         0.         0.         0.         0.0078125  0.         0.         0.         0.         0.
  0.00390625 0.         0.         0.         0.         0.00390625 0.         0.         0.         0.
  0.         0.         0.         0.         0.         0.         0.         0.         0.         0.
  0.         0.         0.         0.         0.         0.         0.         0.         0.         0.
  0.00390625 0.         0.         0.         0.         0.         0.         0.         0.         0.
  0.         0.00390625 0.         0.         0.         0.         0.         0.         0.         0.
  0.         0.         0.         0.         0.         0.         0.         0.         0.         0.
  0.         0.         0.         0.         0.         0.         0.00390625 0.         0.         0.
  0.         0.         0.         0.         0.         0.         0.         0.         0.         0.
  0.         0.         0.         0.         0.         0.         0.         0.         0.         0.
  0.         0.         0.         0.         0.         0.         0.         0.         0.         0.00390625
  0.         0.         0.         0.         0.         0.         0.         0.         0.         0.
  0.         0.         0.         0.         0.         0.         0.         0.         0.         0.
  0.         0.         0.         0.         0.         0.         0.         0.         0.         0.
  0.         0.         0.00390625 0.         0.         0.         0.         0.         0.         0.
  0.         0.         0.00390625 0.         0.         0.         0.         0.         0.00390625 0.
  0.         0.         0.         0.         0.         0.01171875 0.         0.00390625 0.00390625 0.
  0.         0.         0.         0.         0.         0.         0.         0.         0.         0.00390625
  0.         0.         0.00390625 0.         0.         0.         0.         0.         0.         0.
  0.         0.         0.         0.         0.         0.         0.         0.         0.         0.
  0.00390625 0.         0.         0.         0.00390625 0.         0.         0.         0.         0.
  0.         0.         0.         0.         0.         0.         0.         0.         0.         0.
  0.00390625 0.         0.         0.         0.         0.         0.         0.         0.         0.
  0.         0.         0.         0.         0.         0.00390625 0.         0.         0.00390625 0.
  0.         0.         0.         0.         0.00390625 0.         0.         0.         0.         0.
  0.         0.         0.         0.         0.00390625 0.         0.         0.         0.         0.
  0.         0.         0.         0.         0.         0.         0.         0.         0.         0.
  0.         0.00390625 0.         0.         0.         0.00390625 0.         0.         0.         0.
  0.         0.         0.08984375 0.00390625 0.         0.         0.         0.         0.00390625 0.
  0.         0.         0.         0.         0.         0.         0.         0.         0.         0.
  0.00390625 0.         0.         0.         0.         0.         0.         0.         0.         0.00390625
  0.         0.         0.         0.         0.         0.00390625 0.         0.         0.         0.
  0.         0.         0.00390625 0.         0.         0.         0.         0.         0.         0.
  0.         0.         0.         0.         0.         0.         0.         0.         0.         0.
  0.         0.0078125  0.         0.         0.         0.         0.         0.         0.         0.
  0.         0.         0.         0.         0.         0.         0.         0.         0.         0.
  0.         0.         0.         0.         0.         0.         0.         0.00390625 0.         0.
  0.         0.         0.         0.         0.         0.         0.         0.         0.         0.
  0.00390625 0.00390625 0.         0.         0.         0.         0.         0.         0.00390625 0.
  0.         0.         0.         0.         0.         0.         0.         0.         0.         0.
  0.         0.         0.         0.         0.         0.         0.         0.         0.         0.
  0.         0.         0.         0.         0.0078125  0.00390625 0.         0.         0.         0.
  0.         0.         0.         0.         0.         0.         0.         0.         0.         0.        ]]
